晩夏, 11.015291095781828, 1, 0, 1
ダナヤ, 11.015291095781828, 1, 0, 1
骨腫瘍, 11.015291095781828, 1, 0, 1
イルミモード, 11.015291095781828, 1, 0, 1
yellowautumn, 11.015291095781828, 1, 0, 1
秋雨, 11.015291095781828, 1, 0, 1
111315, 11.015291095781828, 1, 0, 1
素裸, 11.015291095781828, 1, 0, 1
icujapan, 11.015291095781828, 1, 0, 1
wujapan, 11.015291095781828, 1, 0, 1
IGJAPANESE, 11.015291095781828, 1, 0, 1
jpgallery, 11.015291095781828, 1, 0, 1
フジファキュウソ, 11.015291095781828, 1, 0, 1
aoyamagakuinuniversity, 11.015291095781828, 1, 0, 1
mainstreet, 11.015291095781828, 1, 0, 1
バレルロール, 11.015291095781828, 1, 0, 1
イバーシブル, 11.015291095781828, 1, 0, 1
小火, 11.015291095781828, 1, 0, 1
スリップダウン, 11.015291095781828, 1, 0, 1
烤栗, 11.015291095781828, 1, 0, 1
05853, 11.015291095781828, 1, 0, 1
並木北, 11.015291095781828, 1, 0, 1
慶応大, 11.015291095781828, 1, 0, 1
モシャモシャ, 11.015291095781828, 1, 0, 1
Jingku, 11.015291095781828, 1, 0, 1
ミトゥフォト, 11.015291095781828, 1, 0, 1
vieni, 11.015291095781828, 1, 0, 1
Fmb, 11.015291095781828, 1, 0, 1
Echigo, 11.015291095781828, 1, 0, 1
Koshihikari, 11.015291095781828, 1, 0, 1
都々逸, 11.015291095781828, 1, 0, 1
すべり込む, 11.015291095781828, 1, 0, 1
木の根, 11.015291095781828, 1, 0, 1
240kg, 11.015291095781828, 1, 0, 1
キャベツピーマンチーズ, 11.015291095781828, 1, 0, 1
綾南, 11.015291095781828, 1, 0, 1
芸能花伝舎, 11.015291095781828, 1, 0, 1
ｳﾆ, 11.015291095781828, 1, 0, 1
ステージｷﾀ, 11.015291095781828, 1, 0, 1
岡八幡神社, 11.015291095781828, 1, 0, 1
shinchanv, 11.015291095781828, 1, 0, 1
シロコロホルモンﾟ, 11.015291095781828, 1, 0, 1
waracmurac, 11.015291095781828, 1, 0, 1
newbike, 11.015291095781828, 1, 0, 1
yellowAoyamaGAIENMAEfall, 11.015291095781828, 1, 0, 1
西地区, 11.015291095781828, 1, 0, 1
小口切り, 11.015291095781828, 1, 0, 1
拍子木, 11.015291095781828, 1, 0, 1
さいの目, 11.015291095781828, 1, 0, 1
せん切り, 11.015291095781828, 1, 0, 1
櫛形, 11.015291095781828, 1, 0, 1
そぎ切り, 11.015291095781828, 1, 0, 1
costar, 11.015291095781828, 1, 0, 1
世田谷区三宿, 11.015291095781828, 1, 0, 1
ドサッ, 11.015291095781828, 1, 0, 1
UmmmmIm, 11.015291095781828, 1, 0, 1
夜長, 11.015291095781828, 1, 0, 1
Pugood, 11.015291095781828, 1, 0, 1
mornin, 11.015291095781828, 1, 0, 1
東郷小学校, 11.015291095781828, 1, 0, 1
ピンヘッド・ガンパウダー, 11.015291095781828, 1, 0, 1
harajukutreeautumncolours, 11.015291095781828, 1, 0, 1
樹枝, 11.015291095781828, 1, 0, 1
菌根菌, 11.015291095781828, 1, 0, 1
attire, 11.015291095781828, 1, 0, 1
成願寺, 11.015291095781828, 1, 0, 1
SimonMottram, 11.015291095781828, 1, 0, 1
這寫, 11.015291095781828, 1, 0, 1
真女, 11.015291095781828, 1, 0, 1
spavementbenchparkTokyo, 11.015291095781828, 1, 0, 1
paddingtonbear, 11.015291095781828, 1, 0, 1
Boyz, 11.015291095781828, 1, 0, 1
長生, 11.015291095781828, 1, 0, 1
キイロタワー, 11.015291095781828, 1, 0, 1
中野間, 11.015291095781828, 1, 0, 1
YoyogiyellowfallHARAJYUKU, 11.015291095781828, 1, 0, 1
Yelloooooooow, 11.015291095781828, 1, 0, 1
ご当地グルメ, 11.015291095781828, 1, 0, 1
teamjp, 11.015291095781828, 1, 0, 1
巍々, 11.015291095781828, 1, 0, 1
学府, 11.015291095781828, 1, 0, 1
蘊奥, 11.015291095781828, 1, 0, 1
陶冶, 11.015291095781828, 1, 0, 1
窮理, 11.015291095781828, 1, 0, 1
仰げる, 11.015291095781828, 1, 0, 1
チャックテイラーストイック, 11.015291095781828, 1, 0, 1
クサ, 11.015291095781828, 1, 0, 1
IchouRomanGinkgo, 11.015291095781828, 1, 0, 1
Гинкго, 11.015291095781828, 1, 0, 1
刈穂, 11.015291095781828, 1, 0, 1
ichou, 11.015291095781828, 1, 0, 1
孔子, 11.015291095781828, 1, 0, 1
ddj, 11.015291095781828, 1, 0, 1
kytrs, 11.015291095781828, 1, 0, 1
居木神社, 11.015291095781828, 1, 0, 1
谷中霊園, 11.015291095781828, 1, 0, 1
girlstalkgaienmaeginkgo, 11.015291095781828, 1, 0, 1
玩, 11.015291095781828, 1, 0, 1
以自, 11.015291095781828, 1, 0, 1
扛著, 11.015291095781828, 1, 0, 1
於有, 11.015291095781828, 1, 0, 1
於在, 11.015291095781828, 1, 0, 1
這, 11.015291095781828, 1, 0, 1
跑來, 11.015291095781828, 1, 0, 1
走路, 11.015291095781828, 1, 0, 1
シンボルマーク, 11.015291095781828, 1, 0, 1
並木みな, 11.015291095781828, 1, 0, 1
踏, 11.015291095781828, 1, 0, 1
夢で逢えたら, 11.015291095781828, 1, 0, 1
NIKKOCOFFEE, 10.600253596502984, 2, 0, 2
しきつめる, 10.600253596502984, 2, 0, 2
小岩菖蒲園, 10.600253596502984, 2, 0, 2
ITSTHERIGHTTIME, 10.600253596502984, 2, 0, 2
並木前, 10.600253596502984, 2, 0, 2
ポールスタア, 10.600253596502984, 2, 0, 2
三宿駐屯地, 10.430328595060672, 3, 0, 3
お節, 10.015291095781828, 1, 1, 2
根こそぎ, 10.015291095781828, 1, 1, 2
絵画館, 10.015291095781828, 11, 1, 12
並樹, 10.015291095781828, 1, 1, 2
立教大, 10.015291095781828, 1, 1, 2
ボディジャム, 10.015291095781828, 1, 1, 2
WU, 10.015291095781828, 1, 1, 2
Toyokawa, 10.015291095781828, 2, 1, 3
sunnyday, 10.015291095781828, 1, 1, 2
Aogaku, 10.015291095781828, 1, 1, 2
曹洞宗, 10.015291095781828, 1, 1, 2
禅院, 10.015291095781828, 1, 1, 2
実相, 10.015291095781828, 1, 1, 2
ひとひら, 10.015291095781828, 1, 1, 2
fizik, 10.015291095781828, 1, 1, 2
永保寺, 10.015291095781828, 1, 1, 2
イトコ, 10.015291095781828, 1, 1, 2
ばらつき, 10.015291095781828, 1, 1, 2
日吉駅, 10.015291095781828, 1, 1, 2
豊川稲荷東京別院, 10.015291095781828, 1, 1, 2
Gingko, 10.015291095781828, 1, 1, 2
トレジョグ, 10.015291095781828, 1, 1, 2
72分, 10.015291095781828, 1, 1, 2
Dohhh, 10.015291095781828, 1, 1, 2
UP!, 10.015291095781828, 1, 1, 2
大妻女子大学, 10.015291095781828, 1, 1, 2
100種, 10.015291095781828, 1, 1, 2
清瀬市役所, 10.015291095781828, 1, 1, 2
宮参り, 10.015291095781828, 1, 1, 2
三又, 10.015291095781828, 1, 1, 2
エチゴビール, 10.015291095781828, 1, 1, 2
赤坂氷川神社, 10.015291095781828, 1, 1, 2
ご多分, 10.015291095781828, 1, 1, 2
Kokushikan, 10.015291095781828, 2, 1, 3
光芒, 10.015291095781828, 1, 1, 2
庭木, 10.015291095781828, 1, 1, 2
ささがき, 10.015291095781828, 1, 1, 2
年季, 10.015291095781828, 1, 1, 2
tokyouniversity, 10.015291095781828, 1, 1, 2
木漏れ日, 10.015291095781828, 2, 1, 3
located, 10.015291095781828, 1, 1, 2
autumnintokyo, 10.015291095781828, 2, 1, 3
イメージキャラクター, 10.015291095781828, 1, 1, 2
遅ればせ, 10.015291095781828, 1, 1, 2
MapleLeafs, 10.015291095781828, 1, 1, 2
Kokkaigijidōmae, 10.015291095781828, 1, 1, 2
炭家, 10.015291095781828, 1, 1, 2
見上げてごらん, 10.015291095781828, 1, 1, 2
大観, 10.015291095781828, 1, 1, 2
goodmusic, 10.015291095781828, 2, 1, 3
Daichi, 10.015291095781828, 1, 1, 2
Paddington, 10.015291095781828, 1, 1, 2
波除, 10.015291095781828, 1, 1, 2
gaienmae, 10.015291095781828, 1, 1, 2
autmun, 10.015291095781828, 1, 1, 2
チーム練習, 10.015291095781828, 1, 1, 2
autumns, 10.015291095781828, 1, 1, 2
澄みわたる, 10.015291095781828, 1, 1, 2
bluehair, 10.015291095781828, 1, 1, 2
ダイエッター, 10.015291095781828, 1, 1, 2
SHARED, 10.015291095781828, 1, 1, 2
シティライナー, 10.015291095781828, 1, 1, 2
ジュレ, 10.015291095781828, 1, 1, 2
scallop, 10.015291095781828, 1, 1, 2
柏の宮公園, 10.015291095781828, 1, 1, 2
WRANGLER, 10.015291095781828, 1, 1, 2
街路灯, 10.015291095781828, 1, 1, 2
逛街, 10.015291095781828, 1, 1, 2
這次, 10.015291095781828, 1, 1, 2
跑去, 10.015291095781828, 1, 1, 2
每天, 10.015291095781828, 1, 1, 2
丸裸, 10.015291095781828, 1, 1, 2
神宮外苑, 9.899297800717008, 214, 19, 233
並木, 9.835008518857151, 292, 40, 332
目黒通り, 9.693363000894466, 3, 2, 5
lluvia, 9.693363000894466, 3, 2, 5
東山公園, 9.600253596502984, 2, 2, 4
陸上自衛隊, 9.600253596502984, 2, 2, 4
Namiki, 9.600253596502984, 2, 2, 4
はらはら, 9.600253596502984, 2, 2, 4
morningride, 9.600253596502984, 2, 2, 4
1315, 9.430328595060672, 1, 2, 3
燃え上がる, 9.430328595060672, 1, 2, 3
うたえる, 9.430328595060672, 1, 2, 3
andymori, 9.430328595060672, 1, 2, 3
馬場先, 9.430328595060672, 1, 2, 3
車番, 9.430328595060672, 1, 2, 3
柿の葉, 9.430328595060672, 1, 2, 3
輪乗り, 9.430328595060672, 1, 2, 3
にょきにょき, 9.430328595060672, 1, 2, 3
3km, 9.430328595060672, 1, 2, 3
ちょうちょ, 9.430328595060672, 1, 2, 3
ベストメンバー, 9.430328595060672, 1, 2, 3
立川病院, 9.430328595060672, 1, 2, 3
デスヨ, 9.430328595060672, 1, 2, 3
酒まつり, 9.430328595060672, 1, 2, 3
評議, 9.430328595060672, 1, 2, 3
Pilsner, 9.430328595060672, 1, 2, 3
和田堀公園, 9.430328595060672, 1, 2, 3
千駄ヶ谷コート, 9.430328595060672, 1, 2, 3
けずる, 9.430328595060672, 1, 2, 3
輪切り, 9.430328595060672, 1, 2, 3
乱切り, 9.430328595060672, 1, 2, 3
黒パン, 9.430328595060672, 1, 2, 3
太美, 9.430328595060672, 1, 2, 3
一葉, 9.430328595060672, 1, 2, 3
薄毛, 9.430328595060672, 1, 2, 3
にょにょにょ, 9.430328595060672, 1, 2, 3
64分, 9.430328595060672, 1, 2, 3
autamun, 9.430328595060672, 1, 2, 3
空がきれい, 9.430328595060672, 1, 2, 3
千鳥ヶ淵, 9.430328595060672, 1, 2, 3
DAICHI, 9.430328595060672, 1, 2, 3
gingko, 9.430328595060672, 1, 2, 3
ギンナン, 9.430328595060672, 1, 2, 3
札幌ラーメン, 9.430328595060672, 1, 2, 3
utu, 9.430328595060672, 1, 2, 3
正岡子規記念球場, 9.430328595060672, 1, 2, 3
運搬車, 9.430328595060672, 1, 2, 3
ターレー, 9.430328595060672, 1, 2, 3
ターレットトラック, 9.430328595060672, 1, 2, 3
不可逆, 9.430328595060672, 1, 2, 3
ボディケア, 9.430328595060672, 1, 2, 3
ハービー・山口, 9.430328595060672, 1, 2, 3
薫る, 9.430328595060672, 1, 2, 3
切木Lee, 9.430328595060672, 1, 2, 3
marks, 9.430328595060672, 1, 2, 3
Thor, 9.430328595060672, 1, 2, 3
由緒, 9.430328595060672, 1, 2, 3
ginkgo, 9.387259873168787, 10, 7, 17
Ginkgo, 9.377861175166537, 8, 6, 14
色付く, 9.323413391144161, 12, 9, 21
bicycle, 9.278325501615623, 2, 3, 5
illumina, 9.278325501615623, 2, 3, 5
三浦工業, 9.278325501615623, 2, 3, 5
成城学園, 9.015291095781828, 1, 3, 4
慶應義塾大学三田キャンパス, 9.015291095781828, 1, 3, 4
目黒区東山, 9.015291095781828, 1, 3, 4
大宮八幡宮, 9.015291095781828, 2, 4, 6
Autumnleaves, 9.015291095781828, 1, 3, 4
條, 9.015291095781828, 1, 3, 4
廣島, 9.015291095781828, 1, 3, 4
大田原, 9.015291095781828, 1, 3, 4
洗足池, 9.015291095781828, 1, 3, 4
セレナーデ, 9.015291095781828, 3, 5, 8
otono, 9.015291095781828, 4, 6, 10
食物繊維, 9.015291095781828, 1, 3, 4
Ginger, 9.015291095781828, 1, 3, 4
リージ, 9.015291095781828, 2, 4, 6
生搾り, 9.015291095781828, 1, 3, 4
PTSD, 9.015291095781828, 1, 3, 4
SENJI, 9.015291095781828, 1, 3, 4
Megurofudouson, 9.015291095781828, 1, 3, 4
めいっぱい, 9.015291095781828, 1, 3, 4
西郷どん, 9.015291095781828, 1, 3, 4
海辺, 9.015291095781828, 1, 3, 4
setting, 9.015291095781828, 2, 4, 6
西日, 9.015291095781828, 2, 4, 6
fallen, 9.015291095781828, 1, 3, 4
物音, 9.015291095781828, 1, 3, 4
移り変わる, 9.015291095781828, 1, 3, 4
三四郎, 9.015291095781828, 1, 3, 4
hibiyapark, 9.015291095781828, 1, 3, 4
オフィスビル, 9.015291095781828, 1, 3, 4
ハッパ, 9.015291095781828, 1, 3, 4
剪定, 9.015291095781828, 1, 3, 4
ホタルイカ, 9.015291095781828, 1, 3, 4
王子神社, 9.015291095781828, 1, 3, 4
autumnleaves, 9.015291095781828, 1, 3, 4
outsideisfree, 9.015291095781828, 1, 3, 4
mermaid, 9.015291095781828, 1, 3, 4
南公園, 9.015291095781828, 1, 3, 4
utokyonews, 9.015291095781828, 1, 3, 4
昭和の森, 9.015291095781828, 1, 3, 4
遺構, 9.015291095781828, 1, 3, 4
Jeep, 9.015291095781828, 1, 3, 4
ハレーション, 9.015291095781828, 1, 3, 4
處, 9.015291095781828, 1, 3, 4
斤, 9.015291095781828, 1, 3, 4
外苑, 8.975762731595191, 17, 20, 37
絨毯, 8.927828254531489, 23, 28, 51
祭る, 8.845366094339516, 3, 6, 9
黄金色, 8.79289867444538, 2, 5, 7
Icho, 8.79289867444538, 2, 5, 7
三浦大知, 8.79289867444538, 2, 5, 7
黄葉, 8.752256689948036, 9, 15, 24
戸山公園, 8.752256689948036, 4, 8, 12
外苑前, 8.717610547141144, 23, 36, 59
igjapan, 8.693363000894466, 1, 4, 5
日比谷通り, 8.693363000894466, 1, 4, 5
向かって右, 8.693363000894466, 1, 4, 5
薯, 8.693363000894466, 1, 4, 5
ToritsuDaigaku, 8.693363000894466, 1, 4, 5
currently, 8.693363000894466, 1, 4, 5
Fox, 8.693363000894466, 1, 4, 5
ワンダフル, 8.693363000894466, 1, 4, 5
品評会, 8.693363000894466, 1, 4, 5
美樹, 8.693363000894466, 1, 4, 5
駆り出す, 8.693363000894466, 1, 4, 5
大理石, 8.693363000894466, 1, 4, 5
ホロホロ, 8.693363000894466, 1, 4, 5
風雨, 8.693363000894466, 1, 4, 5
社殿, 8.693363000894466, 1, 4, 5
街頭宣伝, 8.693363000894466, 1, 4, 5
サポーターズ, 8.693363000894466, 1, 4, 5
疎通, 8.693363000894466, 1, 4, 5
ﾟｪﾟ, 8.693363000894466, 1, 4, 5
哲学堂公園, 8.693363000894466, 1, 4, 5
靖, 8.693363000894466, 1, 4, 5
悪臭, 8.693363000894466, 1, 4, 5
アラサーケイコ, 8.693363000894466, 1, 4, 5
ハス, 8.693363000894466, 1, 4, 5
mn, 8.693363000894466, 1, 4, 5
港区芝公園, 8.693363000894466, 1, 4, 5
梢, 8.693363000894466, 1, 4, 5
スカイバス, 8.693363000894466, 3, 7, 10
神宮球場, 8.693363000894466, 1, 4, 5
Colored, 8.693363000894466, 1, 4, 5
国会図書館, 8.693363000894466, 1, 4, 5
Inari, 8.600253596502984, 2, 6, 8
靖國神社, 8.600253596502984, 2, 6, 8
MFMS, 8.600253596502984, 2, 6, 8
Yasukuni, 8.600253596502984, 2, 6, 8
横網町公園, 8.600253596502984, 2, 6, 8
湯島聖堂, 8.600253596502984, 2, 6, 8
じゅうたん, 8.512790755252645, 5, 12, 17
Gaien, 8.491729139724816, 7, 16, 23
色づく, 8.48477637908305, 8, 18, 26
方角, 8.430328595060672, 1, 5, 6
リカバリ, 8.430328595060672, 1, 5, 6
ちゃちゃ, 8.430328595060672, 1, 5, 6
見飽きる, 8.430328595060672, 1, 5, 6
オザケン, 8.430328595060672, 1, 5, 6
思い思い, 8.430328595060672, 1, 5, 6
oggi, 8.430328595060672, 1, 5, 6
carpet, 8.430328595060672, 1, 5, 6
Heights, 8.430328595060672, 1, 5, 6
並木道, 8.430328595060672, 2, 7, 9
秋空, 8.430328595060672, 1, 5, 6
浜町駅, 8.430328595060672, 1, 5, 6
ひらひら, 8.430328595060672, 1, 5, 6
きらめく, 8.430328595060672, 1, 5, 6
Avenue, 8.430328595060672, 2, 7, 9
ペンチ, 8.430328595060672, 1, 5, 6
元気玉, 8.430328595060672, 1, 5, 6
八幡宮, 8.430328595060672, 2, 7, 9
遊歩道, 8.430328595060672, 1, 5, 6
チャリティ, 8.430328595060672, 3, 9, 12
LATELIER, 8.430328595060672, 1, 5, 6
Robushon, 8.430328595060672, 1, 5, 6
mylife, 8.430328595060672, 1, 5, 6
めぐろパーシモンホール, 8.430328595060672, 1, 5, 6
コントラスト, 8.32723510209657, 8, 21, 29
明治神宮外苑, 8.324975594914443, 21, 50, 71
佇む, 8.207936173724224, 1, 6, 7
noeditsnofilters, 8.207936173724224, 1, 6, 7
STOMP, 8.207936173724224, 1, 6, 7
水蒸気, 8.207936173724224, 1, 6, 7
見頃, 8.207936173724224, 13, 36, 49
東京藝術大学, 8.207936173724224, 1, 6, 7
枯れ葉, 8.207936173724224, 1, 6, 7
翻, 8.207936173724224, 1, 6, 7
滿, 8.207936173724224, 1, 6, 7
遺著, 8.207936173724224, 1, 6, 7
low, 8.207936173724224, 1, 6, 7
温室, 8.207936173724224, 1, 6, 7
Fujizakura, 8.207936173724224, 1, 6, 7
コピバン, 8.207936173724224, 1, 6, 7
家族サービス, 8.207936173724224, 1, 6, 7
お団子, 8.207936173724224, 1, 6, 7
chihuahua, 8.207936173724224, 1, 6, 7
どしゃ降り, 8.207936173724224, 1, 6, 7
confused, 8.207936173724224, 1, 6, 7
街路樹, 8.207936173724224, 1, 6, 7
15枚, 8.207936173724224, 1, 6, 7
カーボン, 8.207936173724224, 1, 6, 7
cctyo, 8.207936173724224, 1, 6, 7
紅葉momiji, 8.207936173724224, 1, 6, 7
ジャガバター, 8.207936173724224, 1, 6, 7
のどぐろ, 8.207936173724224, 1, 6, 7
厳, 8.207936173724224, 1, 6, 7
18回, 8.207936173724224, 1, 6, 7
俯瞰, 8.207936173724224, 1, 6, 7
2周, 8.207936173724224, 1, 6, 7
チッチ, 8.207936173724224, 1, 6, 7
首吊り, 8.207936173724224, 1, 6, 7
メディカル, 8.140821977865688, 2, 9, 11
きいろい, 8.140821977865688, 2, 9, 11
Meijijingu, 8.089291677225605, 4, 15, 19
YELLOW, 8.067758515675964, 13, 41, 54
落葉, 8.055933080279175, 8, 27, 35
名所, 8.015291095781828, 1, 7, 8
真寺, 8.015291095781828, 1, 7, 8
裡, 8.015291095781828, 1, 7, 8
柳瀬川, 8.015291095781828, 1, 7, 8
クサイ, 8.015291095781828, 1, 7, 8
等々力渓谷, 8.015291095781828, 1, 7, 8
メガ盛り, 8.015291095781828, 1, 7, 8
LIVIN, 8.015291095781828, 1, 7, 8
dogstagram, 8.015291095781828, 1, 7, 8
FAL, 8.015291095781828, 1, 7, 8
久原, 8.015291095781828, 1, 7, 8
青い空, 8.015291095781828, 1, 7, 8
蛍光灯, 8.015291095781828, 1, 7, 8
TERRACE, 8.015291095781828, 1, 7, 8
persimmon, 8.015291095781828, 1, 7, 8
散る, 7.962179759322266, 19, 64, 83
晩秋, 7.927828254531489, 3, 14, 17
豊川稲荷, 7.8998138783618925, 2, 11, 13
並木通り, 7.8998138783618925, 2, 11, 13
kitanomaru, 7.8998138783618925, 2, 11, 13
ignippon, 7.845366094339516, 1, 8, 9
水玉, 7.845366094339516, 1, 8, 9
鷹の台, 7.845366094339516, 1, 8, 9
稲穂, 7.845366094339516, 1, 8, 9
お空, 7.845366094339516, 1, 8, 9
スリップ, 7.845366094339516, 1, 8, 9
浄, 7.845366094339516, 1, 8, 9
毛深い, 7.845366094339516, 1, 8, 9
代える, 7.845366094339516, 1, 8, 9
15号, 7.845366094339516, 1, 8, 9
右衛門, 7.845366094339516, 1, 8, 9
うつくしい, 7.845366094339516, 1, 8, 9
Yellow, 7.845366094339516, 1, 8, 9
高層ビル, 7.845366094339516, 1, 8, 9
Kanegafuchi, 7.845366094339516, 1, 8, 9
秋の, 7.845366094339516, 1, 8, 9
根津神社, 7.845366094339516, 1, 8, 9
折りたたみ傘, 7.845366094339516, 1, 8, 9
醍醐, 7.845366094339516, 1, 8, 9
啓発, 7.845366094339516, 1, 8, 9
まんぞく, 7.845366094339516, 1, 8, 9
sundayselectmarket, 7.845366094339516, 1, 8, 9
秋色, 7.845366094339516, 1, 8, 9
WB, 7.845366094339516, 1, 8, 9
runner, 7.845366094339516, 1, 8, 9
松本楼, 7.845366094339516, 1, 8, 9
leaf, 7.7928986744453805, 2, 12, 14
ふかふか, 7.767363582338243, 3, 16, 19
祭り, 7.6933630008944665, 72, 293, 365
twilight, 7.6933630008944665, 1, 9, 10
エチュード, 7.6933630008944665, 1, 9, 10
羽鳥, 7.6933630008944665, 1, 9, 10
カンパイ!!, 7.6933630008944665, 1, 9, 10
uni, 7.6933630008944665, 1, 9, 10
氷結, 7.6933630008944665, 2, 13, 15
ようかん, 7.6933630008944665, 1, 9, 10
Webstagram, 7.6933630008944665, 1, 9, 10
壊せる, 7.6933630008944665, 1, 9, 10
猿江恩賜公園, 7.6933630008944665, 1, 9, 10
内閣総理大臣, 7.6933630008944665, 1, 9, 10
好きな音楽, 7.6933630008944665, 2, 13, 15
水元公園, 7.6933630008944665, 1, 9, 10
引き締まる, 7.6933630008944665, 1, 9, 10
hall, 7.6933630008944665, 1, 9, 10
東京五輪, 7.6933630008944665, 1, 9, 10
trees, 7.636779472528099, 4, 22, 26
上野公園, 7.630627245546504, 8, 39, 47
変わり目, 7.555859477144532, 1, 10, 11
剥ぐ, 7.555859477144532, 1, 10, 11
東工大, 7.555859477144532, 1, 10, 11
ウタさん, 7.555859477144532, 1, 10, 11
利器, 7.555859477144532, 1, 10, 11
秋川, 7.555859477144532, 1, 10, 11
ホテル日航東京, 7.555859477144532, 1, 10, 11
写真家, 7.555859477144532, 1, 10, 11
くさす, 7.555859477144532, 1, 10, 11
学校生活, 7.555859477144532, 1, 10, 11
大空, 7.555859477144532, 1, 10, 11
信濃町, 7.555859477144532, 1, 10, 11
Falling, 7.555859477144532, 1, 10, 11
massive, 7.555859477144532, 1, 10, 11
神田川, 7.555859477144532, 1, 10, 11
bd, 7.555859477144532, 1, 10, 11
傷心, 7.555859477144532, 1, 10, 11
拍, 7.555859477144532, 1, 10, 11
abdrahman, 7.512790755252645, 2, 15, 17
黄色, 7.491729139724816, 27, 134, 161
群馬県, 7.430328595060672, 1, 11, 12
短歌, 7.430328595060672, 1, 11, 12
絶好, 7.430328595060672, 2, 16, 18
辛め, 7.430328595060672, 1, 11, 12
290円, 7.430328595060672, 1, 11, 12
B.O.Y.S, 7.430328595060672, 1, 11, 12
係り, 7.430328595060672, 1, 11, 12
不動尊, 7.430328595060672, 1, 11, 12
Ryu, 7.430328595060672, 1, 11, 12
単焦点, 7.430328595060672, 1, 11, 12
終焉, 7.430328595060672, 1, 11, 12
落つ, 7.430328595060672, 1, 11, 12
雲丹, 7.430328595060672, 1, 11, 12
チャペル, 7.430328595060672, 1, 11, 12
meguro, 7.430328595060672, 1, 11, 12
小沢健二, 7.430328595060672, 1, 11, 12
ellevie, 7.3148513776407365, 1, 12, 13
spindler, 7.3148513776407365, 1, 12, 13
Dailyshop, 7.3148513776407365, 1, 12, 13
チーズタルト, 7.3148513776407365, 1, 12, 13
常緑樹, 7.3148513776407365, 1, 12, 13
見とれる, 7.3148513776407365, 1, 12, 13
ピラミッド, 7.3148513776407365, 1, 12, 13
神宮, 7.3148513776407365, 3, 23, 26
西原理恵子, 7.3148513776407365, 1, 12, 13
ギョーザ, 7.3148513776407365, 1, 12, 13
ぴったし, 7.3148513776407365, 1, 12, 13
Teien, 7.3148513776407365, 1, 12, 13
2014122, 7.3148513776407365, 1, 12, 13
思いつき, 7.3148513776407365, 1, 12, 13
Joel, 7.3148513776407365, 1, 12, 13
敷地内, 7.3148513776407365, 1, 12, 13
ブクロ, 7.3148513776407365, 1, 12, 13
葉っぱ, 7.3025730478623, 8, 51, 59
光が丘公園, 7.2079361737242245, 2, 19, 21
見下ろす, 7.2079361737242245, 1, 13, 14
傳, 7.2079361737242245, 1, 13, 14
即答, 7.2079361737242245, 1, 13, 14
北の丸公園, 7.2079361737242245, 3, 25, 28
脳内再生, 7.2079361737242245, 1, 13, 14
散歩道, 7.2079361737242245, 1, 13, 14
街並み, 7.2079361737242245, 1, 13, 14
半月, 7.2079361737242245, 1, 13, 14
あられ, 7.2079361737242245, 1, 13, 14
setagaya, 7.2079361737242245, 1, 13, 14
ズルズル, 7.2079361737242245, 1, 13, 14
燃焼, 7.2079361737242245, 1, 13, 14
国会議事堂, 7.2079361737242245, 1, 13, 14
くっする, 7.2079361737242245, 1, 13, 14
工学部, 7.2079361737242245, 1, 13, 14
TED, 7.140821977865688, 2, 20, 22
サドル, 7.10840050017331, 1, 14, 15
柳瀬, 7.10840050017331, 1, 14, 15
festival, 7.10840050017331, 1, 14, 15
炒る, 7.10840050017331, 1, 14, 15
色合い, 7.10840050017331, 3, 27, 30
コーヒーブレイク, 7.10840050017331, 1, 14, 15
赤門, 7.10840050017331, 3, 27, 30
abdrahmandotmy, 7.10840050017331, 1, 14, 15
蓄える, 7.10840050017331, 1, 14, 15
国道1号線, 7.10840050017331, 1, 14, 15
吹雪, 7.10840050017331, 1, 14, 15
kg, 7.10840050017331, 1, 14, 15
ヨシ, 7.10840050017331, 1, 14, 15
RK, 7.10840050017331, 1, 14, 15
淡い, 7.10840050017331, 1, 14, 15
ラスク, 7.10840050017331, 1, 14, 15
出雲, 7.10840050017331, 1, 14, 15
ペルー, 7.10840050017331, 1, 14, 15
Pho, 7.10840050017331, 1, 14, 15
舞う, 7.089291677225606, 4, 34, 38
枝, 7.076691640445972, 2, 21, 23
UTokyo, 7.076691640445972, 2, 21, 23
nikeplus, 7.076691640445972, 2, 21, 23
JAPON, 7.015291095781829, 1, 15, 16
yoyogi, 7.015291095781829, 1, 15, 16
のぼり, 7.015291095781829, 1, 15, 16
10km, 7.015291095781829, 1, 15, 16
国連, 7.015291095781829, 1, 15, 16
春に, 7.015291095781829, 1, 15, 16
純子, 7.015291095781829, 1, 15, 16
真っ盛り, 7.015291095781829, 1, 15, 16
ちらほら, 7.015291095781829, 1, 15, 16
オレンジ色, 7.015291095781829, 1, 15, 16
五日市線, 7.015291095781829, 1, 15, 16
Rapha, 7.015291095781829, 1, 15, 16
官邸, 7.015291095781829, 1, 15, 16
春菊, 7.015291095781829, 1, 15, 16
小料理, 7.015291095781829, 1, 15, 16
番外, 7.015291095781829, 1, 15, 16
最大級, 7.015291095781829, 1, 15, 16
iphonography, 7.015291095781829, 3, 29, 32
迂回, 7.015291095781829, 2, 22, 24
精, 7.015291095781829, 1, 15, 16
落ち葉, 6.9632025846333745, 16, 125, 141
是非とも, 6.927828254531489, 1, 16, 17
Rikkyo, 6.927828254531489, 1, 16, 17
YasukuniJinja, 6.927828254531489, 1, 16, 17
まいこ, 6.927828254531489, 1, 16, 17
撮り方, 6.927828254531489, 1, 16, 17
amigo, 6.927828254531489, 1, 16, 17
付属, 6.927828254531489, 1, 16, 17
桜の, 6.927828254531489, 1, 16, 17
ラジオ体操, 6.927828254531489, 1, 16, 17
朝陽, 6.927828254531489, 1, 16, 17
myinstagramtour, 6.927828254531489, 1, 16, 17
永代橋, 6.927828254531489, 1, 16, 17
先端, 6.927828254531489, 1, 16, 17
ベストショット, 6.927828254531489, 1, 16, 17
栄光, 6.927828254531489, 1, 16, 17
321, 6.927828254531489, 1, 16, 17
葉, 6.9124802901980535, 21, 168, 189
設営, 6.8998138783618925, 2, 24, 26
ぐんまちゃん, 6.886008078836863, 3, 32, 35
国営昭和記念公園, 6.845366094339516, 2, 25, 27
BOYS, 6.845366094339516, 1, 17, 18
朝活, 6.845366094339516, 1, 17, 18
バンク, 6.845366094339516, 1, 17, 18
ママチャリ, 6.845366094339516, 1, 17, 18
九品仏, 6.845366094339516, 1, 17, 18
首相官邸, 6.845366094339516, 2, 25, 27
回廊, 6.845366094339516, 1, 17, 18
mysky, 6.845366094339516, 1, 17, 18
10歳, 6.845366094339516, 1, 17, 18
昼下がり, 6.845366094339516, 1, 17, 18
Happiness!!, 6.845366094339516, 1, 17, 18
GRAZIE, 6.845366094339516, 1, 17, 18
ウインナー, 6.845366094339516, 1, 17, 18
彩る, 6.845366094339516, 1, 17, 18
青山一丁目, 6.845366094339516, 1, 17, 18
傾く, 6.845366094339516, 1, 17, 18
人出, 6.7928986744453805, 2, 26, 28
見納め, 6.7928986744453805, 2, 26, 28
やわらかい, 6.7928986744453805, 2, 26, 28
e4, 6.7928986744453805, 2, 26, 28
すもう, 6.767363582338243, 1, 18, 19
閑散, 6.767363582338243, 1, 18, 19
クルクル, 6.767363582338243, 1, 18, 19
キウイ, 6.767363582338243, 1, 18, 19
シャウラ, 6.767363582338243, 1, 18, 19
霞が関ビル, 6.767363582338243, 1, 18, 19
AVE, 6.767363582338243, 1, 18, 19
Late, 6.767363582338243, 1, 18, 19
止まり, 6.767363582338243, 1, 18, 19
歓声, 6.767363582338243, 1, 18, 19
ムラ, 6.767363582338243, 1, 18, 19
黄色い, 6.737306348482063, 9, 88, 97
autumn, 6.707862570589581, 19, 179, 198
靖国神社, 6.6933630008944665, 7, 73, 80
TGIF, 6.6933630008944665, 2, 28, 30
Premium, 6.6933630008944665, 1, 19, 20
高揚, 6.6933630008944665, 1, 19, 20
水天宮, 6.6933630008944665, 1, 19, 20
日光, 6.6933630008944665, 2, 28, 30
北欧, 6.6933630008944665, 2, 28, 30
滑り込む, 6.6933630008944665, 3, 37, 40
綾, 6.6933630008944665, 1, 19, 20
皇居前広場, 6.6933630008944665, 1, 19, 20
芝公園, 6.664793848697696, 4, 47, 51
樹, 6.646057286116109, 5, 57, 62
真下, 6.622973673003068, 1, 20, 21
安納芋, 6.622973673003068, 1, 20, 21
くぐる, 6.622973673003068, 1, 20, 21
Jingu, 6.622973673003068, 1, 20, 21
造る, 6.622973673003068, 1, 20, 21
ハラハラ, 6.622973673003068, 1, 20, 21
busy, 6.622973673003068, 1, 20, 21
taxi, 6.622973673003068, 1, 20, 21
病棟, 6.622973673003068, 1, 20, 21
篇, 6.622973673003068, 1, 20, 21
さいたま, 6.622973673003068, 1, 20, 21
Diet, 6.600253596502985, 2, 30, 32
ゆるキャラ, 6.600253596502985, 2, 30, 32
収める, 6.555859477144532, 1, 21, 22
すわー, 6.555859477144532, 1, 21, 22
チワワ, 6.555859477144532, 1, 21, 22
wanko, 6.555859477144532, 1, 21, 22
京成線, 6.555859477144532, 1, 21, 22
Kamiyacho, 6.555859477144532, 1, 21, 22
message, 6.555859477144532, 1, 21, 22
うてる, 6.555859477144532, 1, 21, 22
SUNNY, 6.555859477144532, 1, 21, 22
夜空, 6.512790755252645, 2, 32, 34
この道, 6.512790755252645, 2, 32, 34
映える, 6.512790755252645, 2, 32, 34
黄, 6.491729139724816, 1, 22, 23
colors, 6.491729139724816, 1, 22, 23
羽根, 6.491729139724816, 1, 22, 23
近隣, 6.491729139724816, 1, 22, 23
クライマックス, 6.491729139724816, 1, 22, 23
神代植物公園, 6.491729139724816, 1, 22, 23
駐車, 6.491729139724816, 1, 22, 23
美穂, 6.491729139724816, 1, 22, 23
ばった, 6.491729139724816, 1, 22, 23
稲荷, 6.491729139724816, 1, 22, 23
移住, 6.491729139724816, 1, 22, 23
駄菓子, 6.491729139724816, 1, 22, 23
打ち合わせる, 6.470970579558019, 2, 33, 35
Gakuin, 6.430328595060672, 2, 34, 36
日月, 6.430328595060672, 2, 34, 36
客層, 6.430328595060672, 1, 23, 24
股, 6.430328595060672, 1, 23, 24
KUNI, 6.430328595060672, 1, 23, 24
チーフ, 6.430328595060672, 2, 34, 36
余地, 6.430328595060672, 1, 23, 24
防衛, 6.430328595060672, 1, 23, 24
うちわ, 6.430328595060672, 1, 23, 24
人大杉, 6.430328595060672, 1, 23, 24
もどき, 6.430328595060672, 1, 23, 24
微笑む, 6.430328595060672, 1, 23, 24
ほんのり, 6.430328595060672, 1, 23, 24
architecture, 6.430328595060672, 1, 23, 24
御苑, 6.430328595060672, 1, 23, 24
音痴, 6.371434906007104, 1, 24, 25
アングル, 6.371434906007104, 1, 24, 25
fall, 6.371434906007104, 3, 47, 50
深まる, 6.371434906007104, 1, 24, 25
hello, 6.371434906007104, 1, 24, 25
設立, 6.371434906007104, 1, 24, 25
111, 6.371434906007104, 1, 24, 25
軽音, 6.371434906007104, 1, 24, 25
街頭, 6.371434906007104, 1, 24, 25
駒場, 6.371434906007104, 1, 24, 25
自撮り棒, 6.371434906007104, 1, 24, 25
お日様, 6.371434906007104, 1, 24, 25
レンジ, 6.371434906007104, 1, 24, 25
ココナッツ, 6.371434906007104, 1, 24, 25
胃腸, 6.371434906007104, 1, 24, 25
一面, 6.3523260830594, 2, 36, 38
もみじ, 6.342865753810333, 3, 48, 51
青空, 6.3397260462797655, 8, 107, 115
青山学院大学, 6.3148513776407365, 2, 37, 39
cycling, 6.3148513776407365, 1, 25, 26
Rainy, 6.3148513776407365, 1, 25, 26
ムー, 6.3148513776407365, 1, 25, 26
おすぎ, 6.3148513776407365, 1, 25, 26
三宿, 6.3148513776407365, 1, 25, 26
くるー, 6.3148513776407365, 1, 25, 26
等々力, 6.2783255016156225, 2, 38, 40
会食, 6.26040359361836, 1, 26, 27
剥く, 6.26040359361836, 1, 26, 27
來, 6.26040359361836, 1, 26, 27
旗, 6.26040359361836, 1, 26, 27
帝京, 6.26040359361836, 1, 26, 27
まつり, 6.228694733891022, 4, 65, 69
奴隷, 6.2079361737242245, 1, 27, 28
ウフィツィ美術館, 6.2079361737242245, 1, 27, 28
Denenchōfu, 6.2079361737242245, 1, 27, 28
照らす, 6.2079361737242245, 3, 53, 56
トイプードル, 6.2079361737242245, 1, 27, 28
開, 6.2079361737242245, 1, 27, 28
がら, 6.2079361737242245, 1, 27, 28
Shrine, 6.173988841800887, 5, 81, 86
紅葉, 6.168587506248399, 61, 831, 892
東山, 6.157310100654257, 1, 28, 29
日差し, 6.157310100654257, 1, 28, 29
黄金, 6.157310100654257, 3, 55, 58
鯉, 6.157310100654257, 1, 28, 29
唐辛子, 6.157310100654257, 1, 28, 29
礼, 6.157310100654257, 1, 28, 29
1630, 6.157310100654257, 1, 28, 29
人格, 6.157310100654257, 1, 28, 29
Hongo, 6.157310100654257, 1, 28, 29
良好, 6.157310100654257, 1, 28, 29
park, 6.147394631789174, 4, 69, 73
御籤, 6.10840050017331, 1, 29, 30
思い返す, 6.10840050017331, 1, 29, 30
色紙, 6.10840050017331, 1, 29, 30
sun, 6.10840050017331, 2, 43, 45
拝島, 6.10840050017331, 1, 29, 30
球場, 6.10840050017331, 1, 29, 30
道中, 6.10840050017331, 1, 29, 30
62, 6.061094785394953, 1, 30, 31
仲通り, 6.061094785394953, 1, 30, 31
停める, 6.061094785394953, 1, 30, 31
のぼる, 6.061094785394953, 1, 30, 31
Gyoen, 6.055933080279175, 8, 132, 140
光が丘, 6.0456647448253475, 2, 45, 47
晴天, 6.033438442492088, 4, 75, 79
立教大学, 6.015291095781829, 1, 31, 32
LOTUS, 6.015291095781829, 1, 31, 32
容赦, 6.015291095781829, 1, 31, 32
オンラインショップ, 6.015291095781829, 1, 31, 32
新発売, 6.015291095781829, 1, 31, 32
遠目, 5.970896976423376, 1, 32, 33
那, 5.970896976423376, 1, 32, 33
VOICE, 5.970896976423376, 1, 32, 33
貴女, 5.970896976423376, 1, 32, 33
鮮やか, 5.970896976423376, 1, 32, 33
覆う, 5.970896976423376, 1, 32, 33
HARAJUKU, 5.970896976423376, 1, 32, 33
SHIBA, 5.970896976423376, 1, 32, 33
一昨年, 5.970896976423376, 1, 32, 33
応じる, 5.970896976423376, 1, 32, 33
堪える, 5.970896976423376, 1, 32, 33
金色, 5.95639740672826, 2, 48, 50
大田黒公園, 5.927828254531489, 1, 33, 34
たまう, 5.927828254531489, 1, 33, 34
霞が関, 5.927828254531489, 1, 33, 34
夕暮れ, 5.927828254531489, 1, 33, 34
だがしかし, 5.927828254531489, 1, 33, 34
GI, 5.8998138783618925, 2, 50, 52
street, 5.8998138783618925, 2, 50, 52
きれい, 5.895551851507733, 25, 427, 452
秋, 5.886008078836863, 21, 364, 385
ジョギング, 5.886008078836863, 1, 34, 35
ジョージ, 5.886008078836863, 1, 34, 35
夕陽, 5.886008078836863, 1, 34, 35
煮付け, 5.886008078836863, 1, 34, 35
表慶館, 5.886008078836863, 1, 34, 35
RAIN, 5.8777875720318935, 4, 84, 88
難民, 5.845366094339516, 1, 35, 36
Fall, 5.845366094339516, 1, 35, 36
オーヴァル, 5.845366094339516, 2, 52, 54
ジョグ, 5.845366094339516, 1, 35, 36
両手, 5.845366094339516, 1, 35, 36
持ち歩く, 5.845366094339516, 1, 35, 36
駅伝, 5.845366094339516, 1, 35, 36
ブレイク, 5.845366094339516, 1, 35, 36
先ずは, 5.845366094339516, 1, 35, 36
フリマ, 5.845366094339516, 1, 35, 36
灯, 5.845366094339516, 1, 35, 36
モミジ, 5.8294245504704945, 4, 87, 91
leaves, 5.8254665369018115, 3, 70, 73
東大, 5.805837730152879, 5, 106, 111
SUNDAY, 5.805837730152879, 1, 36, 37
ｱﾋｬ, 5.805837730152879, 1, 36, 37
ざく, 5.805837730152879, 1, 36, 37
のら, 5.805837730152879, 1, 36, 37
保養, 5.805837730152879, 1, 36, 37
極端, 5.805837730152879, 1, 36, 37
END, 5.805837730152879, 1, 36, 37
本郷キャンパス, 5.805837730152879, 1, 36, 37
りす, 5.805837730152879, 1, 36, 37
イマソラ, 5.780074634087797, 5, 108, 113
身内, 5.767363582338243, 2, 55, 57
キック, 5.767363582338243, 1, 37, 38
20141129, 5.767363582338243, 1, 37, 38
四つ葉のクローバー, 5.767363582338243, 1, 37, 38
ちら見, 5.767363582338243, 1, 37, 38
ueno, 5.767363582338243, 1, 37, 38
run, 5.748504555086927, 3, 74, 77
雨上がり, 5.737306348482063, 4, 93, 97
ピーク, 5.72988887691958, 3, 75, 78
のっける, 5.72988887691958, 1, 38, 39
あいだ, 5.72988887691958, 1, 38, 39
地面, 5.72988887691958, 1, 38, 39
桜田門, 5.72988887691958, 1, 38, 39
ベランダ, 5.717610547141144, 2, 57, 59
パネル, 5.717610547141144, 2, 57, 59
あん肝, 5.6933630008944665, 1, 39, 40
凶, 5.6933630008944665, 1, 39, 40
観光客, 5.6933630008944665, 1, 39, 40
狐, 5.6933630008944665, 1, 39, 40
ｽﾔｧ, 5.6933630008944665, 2, 58, 60
薄手, 5.6933630008944665, 1, 39, 40
陽, 5.675441092897204, 3, 78, 81
京王閣, 5.6695162589400985, 2, 59, 61
しっとり, 5.657739091163745, 1, 40, 41
Autumn, 5.657739091163745, 3, 79, 82
立派, 5.657739091163745, 5, 118, 123
イエロー, 5.657739091163745, 1, 40, 41
temple, 5.657739091163745, 1, 40, 41
Nezu, 5.657739091163745, 1, 40, 41
グッと, 5.657739091163745, 1, 40, 41
lovely, 5.622973673003068, 1, 41, 42
ゾンビ, 5.622973673003068, 1, 41, 42
日比谷公園, 5.622973673003068, 4, 101, 105
年代, 5.622973673003068, 1, 41, 42
Blue, 5.622973673003068, 1, 41, 42
ジュー, 5.622973673003068, 1, 41, 42
次男, 5.622973673003068, 1, 41, 42
博物館, 5.622973673003068, 1, 41, 42
新宿御苑, 5.6077872691883925, 8, 183, 191
東京大学, 5.605900159644127, 7, 163, 170
おしまい, 5.600253596502985, 2, 62, 64
まみれ, 5.600253596502985, 2, 62, 64
dog, 5.600253596502985, 2, 62, 64
IK, 5.600253596502985, 2, 62, 64
つらたん, 5.600253596502985, 2, 62, 64
CB, 5.589026341079731, 1, 42, 43
November, 5.589026341079731, 1, 42, 43
見方, 5.589026341079731, 1, 42, 43
罪悪感, 5.589026341079731, 1, 42, 43
まにあう, 5.589026341079731, 1, 42, 43
winter, 5.589026341079731, 5, 124, 129
堀, 5.589026341079731, 1, 42, 43
sky, 5.582331688505723, 4, 104, 108
明治神宮, 5.5723475999331, 3, 84, 87
メチャクチャ, 5.555859477144532, 1, 43, 44
2次, 5.555859477144532, 1, 43, 44
状, 5.555859477144532, 1, 43, 44
さんぽ, 5.555859477144532, 1, 43, 44
wonderful, 5.555859477144532, 1, 43, 44
下見, 5.534164406045212, 2, 65, 67
委員会, 5.523437999452154, 1, 44, 45
谷中, 5.523437999452154, 1, 44, 45
振り向く, 5.523437999452154, 1, 44, 45
ほっとく, 5.523437999452154, 1, 44, 45
December, 5.523437999452154, 1, 44, 45
中野坂上, 5.523437999452154, 1, 44, 45
枯れる, 5.523437999452154, 1, 44, 45
清々しい, 5.523437999452154, 1, 44, 45
丁, 5.523437999452154, 1, 44, 45
ラン, 5.512790755252645, 8, 196, 204
池, 5.507496455583133, 3, 88, 91
馬刺し, 5.491729139724816, 1, 45, 46
左側, 5.4607022441041915, 1, 46, 47
工業大学, 5.4607022441041915, 1, 46, 47
吃る, 5.4607022441041915, 1, 46, 47
ずい, 5.4607022441041915, 1, 46, 47
YASU, 5.4607022441041915, 1, 46, 47
國, 5.4607022441041915, 1, 46, 47
pa, 5.4607022441041915, 1, 46, 47
3歳, 5.430328595060672, 1, 47, 48
鶴, 5.430328595060672, 1, 47, 48
漂う, 5.430328595060672, 1, 47, 48
裸視, 5.430328595060672, 1, 47, 48
歩行者, 5.430328595060672, 1, 47, 48
散策, 5.410429037622968, 2, 71, 73
昭和記念公園, 5.400581251666621, 1, 48, 49
長さ, 5.400581251666621, 1, 48, 49
脇, 5.390800230874035, 2, 72, 74
禿げる, 5.390800230874035, 2, 72, 74
squaready, 5.383022880282316, 4, 120, 124
end, 5.371434906007104, 1, 49, 50
トンネル, 5.371434906007104, 1, 49, 50
ひろき, 5.371434906007104, 1, 49, 50
building, 5.371434906007104, 1, 49, 50
心地よい, 5.371434906007104, 1, 49, 50
炭水化物, 5.371434906007104, 1, 49, 50
宮益坂, 5.371434906007104, 1, 49, 50
Beautiful, 5.371434906007104, 1, 49, 50
エルメス, 5.371434906007104, 1, 49, 50
共演, 5.342865753810333, 3, 99, 102
市, 5.342865753810333, 3, 99, 102
旦那さん, 5.342865753810333, 1, 50, 51
神谷町駅, 5.342865753810333, 1, 50, 51
低位, 5.342865753810333, 1, 50, 51
科, 5.3148513776407365, 2, 76, 78
mi, 5.3148513776407365, 1, 51, 52
甘み, 5.3148513776407365, 1, 51, 52
一周, 5.3148513776407365, 1, 51, 52
出店, 5.296472848325882, 2, 77, 79
気をつけ, 5.287370641218629, 1, 52, 53
Gymnasium, 5.287370641218629, 1, 52, 53
四季, 5.287370641218629, 1, 52, 53
Aoyama, 5.26040359361836, 2, 79, 81
寒波, 5.26040359361836, 1, 53, 54
きれいな, 5.233931382257169, 1, 54, 55
video, 5.233931382257169, 1, 54, 55
はしご, 5.233931382257169, 1, 54, 55
すごす, 5.233931382257169, 1, 54, 55
9割, 5.233931382257169, 1, 54, 55
終, 5.233931382257169, 1, 54, 55
VSCOcam, 5.233931382257169, 1, 54, 55
Garden, 5.225214165156061, 2, 81, 83
西武線, 5.225214165156061, 2, 81, 83
キレイ, 5.222057281968878, 10, 295, 305
未だ, 5.2079361737242245, 1, 55, 56
やっとこ, 5.2079361737242245, 1, 55, 56
明治大学, 5.2079361737242245, 2, 82, 84
あきらめる, 5.2079361737242245, 1, 55, 56
こころ, 5.2079361737242245, 2, 82, 84
あまい, 5.182401081617087, 1, 56, 57
骨折, 5.182401081617087, 1, 56, 57
ROPPONGI, 5.182401081617087, 1, 56, 57
日和, 5.157310100654257, 3, 113, 116
Royal, 5.157310100654257, 2, 85, 87
弾丸, 5.157310100654257, 1, 57, 58
シャッター, 5.1326480464199875, 1, 58, 59
開催中, 5.1326480464199875, 1, 58, 59
漏れる, 5.1326480464199875, 1, 58, 59
狩り, 5.1326480464199875, 1, 58, 59
BUDOKAN, 5.1245201655365875, 2, 87, 89
代々木公園, 5.11805067020703, 9, 289, 298
3度, 5.10840050017331, 1, 59, 60
ランチタイム, 5.10840050017331, 1, 59, 60
yesterday, 5.10840050017331, 1, 59, 60
said, 5.10840050017331, 1, 59, 60
グラデーション, 5.10840050017331, 1, 59, 60
カム, 5.10840050017331, 1, 59, 60
踏む, 5.089291677225606, 4, 148, 152
気分転換, 5.084553758218942, 1, 60, 61
ハロウィン, 5.084553758218942, 1, 60, 61
目線, 5.084553758218942, 1, 60, 61
きたない, 5.084553758218942, 1, 60, 61
満腹, 5.084553758218942, 1, 60, 61
サイド, 5.076691640445972, 2, 90, 92
蚤の市, 5.072776590442589, 3, 120, 123
あちこち, 5.061094785394953, 1, 61, 62
beautiful, 5.061094785394953, 4, 151, 155
染まる, 5.061094785394953, 2, 91, 93
巻き, 5.061094785394953, 1, 61, 62
学芸大学, 5.061094785394953, 1, 61, 62
意思, 5.061094785394953, 1, 61, 62
井の頭恩賜公園, 5.061094785394953, 1, 61, 62
目覚まし, 5.061094785394953, 1, 61, 62
いただき, 5.0456647448253475, 2, 92, 94
関心, 5.038011172281912, 1, 62, 63
朝ご飯, 5.038011172281912, 1, 62, 63
被害, 5.038011172281912, 1, 62, 63
公, 5.038011172281912, 1, 62, 63
うに, 5.015291095781829, 1, 63, 64
さる, 5.015291095781829, 1, 63, 64
あたる, 5.015291095781829, 3, 125, 128
大型, 5.015291095781829, 1, 63, 64
一般公開, 5.015291095781829, 2, 94, 96
到る, 5.015291095781829, 1, 63, 64
杉並, 5.000340754315857, 2, 95, 97
かれこれ, 4.992923282753375, 1, 64, 65
移る, 4.992923282753375, 1, 64, 65
ライトアップ, 4.987385099211944, 7, 254, 261
Beer, 4.981868094244379, 3, 128, 131
白衣, 4.970896976423376, 1, 65, 66
晴れて, 4.970896976423376, 1, 65, 66
路, 4.970896976423376, 1, 65, 66
通, 4.960008660280639, 3, 130, 133
焼きそば, 4.95639740672826, 2, 98, 100
Zoo, 4.95639740672826, 2, 98, 100
栗, 4.949201905324056, 1, 66, 67
ぜんぶ, 4.949201905324056, 1, 66, 67
片手, 4.949201905324056, 1, 66, 67
自衛隊, 4.927828254531489, 1, 67, 68
快晴, 4.927828254531489, 4, 166, 170
学会, 4.927828254531489, 1, 67, 68
京王電鉄, 4.927828254531489, 1, 67, 68
いちご。, 4.927828254531489, 1, 67, 68
YUMMY, 4.927828254531489, 2, 100, 102
ファインダー, 4.927828254531489, 2, 100, 102
妊娠, 4.90676663900366, 1, 68, 69
多摩動物公園, 4.90676663900366, 1, 68, 69
とてつもない, 4.90676663900366, 1, 68, 69
竹ノ塚, 4.8998138783618925, 2, 102, 104
Nippon, 4.8998138783618925, 2, 102, 104
KONAMI, 4.886008078836863, 1, 69, 70
迫力, 4.886008078836863, 1, 69, 70
児, 4.886008078836863, 1, 69, 70
ベンチ, 4.886008078836863, 1, 69, 70
割烹, 4.886008078836863, 1, 69, 70
学生時代, 4.865543976277147, 1, 70, 71
University, 4.860472986729725, 7, 278, 285
2年前, 4.845366094339516, 1, 71, 72
いかに, 4.845366094339516, 1, 71, 72
切り, 4.845366094339516, 2, 106, 108
松, 4.845366094339516, 1, 71, 72
ギャップ, 4.845366094339516, 1, 71, 72
乾, 4.845366094339516, 1, 71, 72
同時, 4.8254665369018115, 1, 72, 73
スポット, 4.8254665369018115, 1, 72, 73
まじめ, 4.8254665369018115, 1, 72, 73
脱ぐ, 4.8254665369018115, 1, 72, 73
半日, 4.8254665369018115, 1, 72, 73
tree, 4.818893882978325, 2, 108, 110
信号, 4.818893882978325, 2, 108, 110
1年前, 4.805837730152879, 1, 73, 74
Tōkyō, 4.800278204810978, 13, 507, 520
乾通り, 4.796122575319667, 3, 146, 149
曇る, 4.7928986744453805, 2, 110, 112
保つ, 4.786472405285948, 1, 74, 75
丸ノ内, 4.786472405285948, 1, 74, 75
綺麗, 4.783834592017144, 50, 1866, 1916
眺める, 4.77688635645675, 3, 148, 151
済ませる, 4.767363582338243, 1, 75, 76
24日, 4.767363582338243, 1, 75, 76
上の, 4.767363582338243, 1, 75, 76
SMILE, 4.767363582338243, 1, 75, 76
WEEKEND, 4.767363582338243, 1, 75, 76
皇居東御苑, 4.767363582338243, 1, 75, 76
越し, 4.757903253089177, 3, 150, 153
東海, 4.748504555086927, 1, 76, 77
見事, 4.744762153401111, 4, 189, 193
建物, 4.742272601375413, 2, 114, 116
Sorry, 4.72988887691958, 1, 77, 78
蟹, 4.72988887691958, 1, 77, 78
引き続き, 4.72988887691958, 1, 77, 78
木, 4.723375569960906, 16, 650, 666
筋, 4.711510347604726, 1, 78, 79
神社, 4.711510347604726, 1, 78, 79
coming, 4.711510347604726, 1, 78, 79
郎, 4.705435833195041, 2, 117, 119
九, 4.6933630008944665, 1, 79, 80
HILLS, 4.6933630008944665, 1, 79, 80
Sunday, 4.6933630008944665, 1, 79, 80
SPORTS, 4.675441092897204, 1, 80, 81
殆ど, 4.675441092897204, 1, 80, 81
溶ける, 4.675441092897204, 1, 80, 81
Building, 4.6695162589400985, 2, 120, 122
気持ち良い, 4.6695162589400985, 2, 120, 122
都立, 4.666562941550751, 3, 160, 163
撤収, 4.657739091163745, 1, 81, 82
撮影会, 4.657739091163745, 1, 81, 82
キタ—, 4.640251664434904, 1, 82, 83
絞る, 4.640251664434904, 1, 82, 83
レンズ, 4.640251664434904, 1, 82, 83
也, 4.640251664434904, 1, 82, 83
中学校, 4.640251664434904, 1, 82, 83
running, 4.640251664434904, 1, 82, 83
積もる, 4.622973673003068, 1, 83, 84
合間, 4.622973673003068, 1, 83, 84
路上, 4.622973673003068, 1, 83, 84
あっという間に, 4.622973673003068, 1, 83, 84
随分, 4.622973673003068, 1, 83, 84
噴水, 4.622973673003068, 3, 165, 168
instagood, 4.622973673003068, 1, 83, 84
平成, 4.622973673003068, 1, 83, 84
走れる, 4.622973673003068, 1, 83, 84
恒例, 4.609298736105992, 4, 208, 212
東中野, 4.605900159644127, 1, 84, 85
セーフ, 4.605900159644127, 1, 84, 85
閉まる, 4.589026341079731, 2, 127, 129
55, 4.5723475999331, 1, 86, 87
苑, 4.5723475999331, 1, 86, 87
オラフ, 4.5723475999331, 1, 86, 87
ぱい, 4.5723475999331, 1, 86, 87
包む, 4.555859477144532, 1, 87, 88
Co, 4.555859477144532, 1, 87, 88
Hibiya, 4.555859477144532, 2, 130, 132
入口, 4.555859477144532, 2, 130, 132
スゴ, 4.555859477144532, 1, 87, 88
車内, 4.547685545698831, 3, 174, 177
おっきい, 4.539557664815431, 1, 88, 89
レポ, 4.539557664815431, 1, 88, 89
politan, 4.539557664815431, 1, 88, 89
タン, 4.539557664815431, 1, 88, 89
恵まれる, 4.523437999452154, 1, 89, 90
気がつく, 4.523437999452154, 2, 133, 135
いてる, 4.523437999452154, 1, 89, 90
GOLD, 4.523437999452154, 1, 89, 90
京成, 4.523437999452154, 1, 89, 90
落ちる, 4.518384771725868, 18, 840, 858
都心, 4.507496455583133, 1, 90, 91
季節, 4.5060559212239175, 10, 491, 501
かま, 4.491729139724816, 1, 91, 92
冷たい雨, 4.491729139724816, 1, 91, 92
教会, 4.491729139724816, 1, 91, 92
遠く, 4.491729139724816, 1, 91, 92
攻める, 4.476132284673797, 1, 92, 93
大手町, 4.476132284673797, 1, 92, 93
出し値, 4.476132284673797, 1, 92, 93
買い出し, 4.476132284673797, 1, 92, 93
名物, 4.476132284673797, 1, 92, 93
断念, 4.4607022441041915, 1, 93, 94
おちる, 4.4607022441041915, 1, 93, 94
道路, 4.445435487450881, 1, 94, 95
爽やか, 4.445435487450881, 1, 94, 95
果たして, 4.445435487450881, 1, 94, 95
立ち寄る, 4.430328595060672, 1, 95, 96
ただただ, 4.430328595060672, 1, 95, 96
Metro, 4.430328595060672, 1, 95, 96
定番, 4.430328595060672, 2, 142, 144
今週末, 4.420344506488051, 2, 143, 145
穏やか, 4.415378253594701, 1, 96, 97
原, 4.415378253594701, 1, 96, 97
あったまる, 4.415378253594701, 1, 96, 97
すっかり, 4.400581251666621, 3, 193, 196
うえ, 4.400581251666621, 1, 97, 98
左手, 4.400581251666621, 1, 97, 98
東京国立博物館, 4.390800230874035, 2, 146, 148
崩壊, 4.38593447570222, 1, 98, 99
炙る, 4.38593447570222, 1, 98, 99
ガラガラ, 4.38593447570222, 1, 98, 99
Park, 4.37721725860111, 9, 489, 498
満載, 4.371434906007104, 1, 99, 100
Drinking, 4.371434906007104, 3, 197, 200
はじめる, 4.371434906007104, 3, 197, 200
像, 4.371434906007104, 1, 99, 100
りお, 4.357079613030034, 1, 100, 101
インド, 4.357079613030034, 1, 100, 101
Sensōji, 4.357079613030034, 1, 100, 101
目当て, 4.357079613030034, 1, 100, 101
喫茶店, 4.342865753810333, 1, 101, 102
わずか, 4.342865753810333, 1, 101, 102
江古田, 4.342865753810333, 1, 101, 102
Yo, 4.342865753810333, 1, 101, 102
日野, 4.342865753810333, 1, 101, 102
混雑, 4.333467055808083, 2, 152, 154
盛る, 4.3287905685986106, 1, 102, 103
リュック, 4.3287905685986106, 1, 102, 103
ぴったり, 4.3287905685986106, 1, 102, 103
ハンパない, 4.3148513776407365, 1, 103, 104
屋台, 4.3148513776407365, 2, 154, 156
ほっこり, 4.305632847611358, 2, 155, 157
近所, 4.3030097649962205, 6, 361, 367
Pretty, 4.301045578115706, 1, 104, 105
寺, 4.301045578115706, 1, 104, 105
天ぷら, 4.301045578115706, 1, 104, 105
2度目, 4.287370641218629, 1, 105, 106
ごく, 4.287370641218629, 1, 105, 106
試し, 4.287370641218629, 1, 105, 106
BLUE, 4.280581475555991, 3, 210, 213
景色, 4.280581475555991, 3, 210, 213
散歩, 4.275050369582761, 10, 578, 588
投稿, 4.273824109380682, 27, 1471, 1498
Tama, 4.273824109380682, 1, 106, 107
一気に, 4.26040359361836, 4, 266, 270
メッチャ, 4.26040359361836, 1, 107, 108
都, 4.26040359361836, 1, 107, 108
上昇カーブ, 4.26040359361836, 1, 107, 108
支度, 4.26040359361836, 1, 107, 108
青山, 4.257067881055104, 7, 426, 433
じっくり, 4.247106771004902, 1, 108, 109
パーク, 4.247106771004902, 1, 108, 109
焼き肉, 4.247106771004902, 1, 108, 109
もどる, 4.247106771004902, 1, 108, 109
National, 4.240504036180655, 3, 216, 219
輝く, 4.233931382257169, 2, 163, 165
明治, 4.225214165156061, 2, 164, 166
類, 4.220875229431723, 1, 110, 111
半額, 4.220875229431723, 1, 110, 111
テニス, 4.220875229431723, 1, 110, 111
cold, 4.2079361737242245, 1, 111, 112
なんとも, 4.2079361737242245, 1, 111, 112
スピード, 4.195112133366641, 1, 112, 113
こもる, 4.195112133366641, 1, 112, 113
写真展, 4.195112133366641, 1, 112, 113
江戸城, 4.195112133366641, 1, 112, 113
好く, 4.190862660365283, 2, 168, 170
シ, 4.182401081617087, 1, 113, 114
訴える, 4.182401081617087, 1, 113, 114
レター, 4.182401081617087, 1, 113, 114
とおり, 4.182401081617087, 1, 113, 114
昼間, 4.169801044837453, 3, 227, 230
来れる, 4.169801044837453, 3, 227, 230
SUPER, 4.157310100654257, 1, 115, 116
政策, 4.144926376198424, 1, 116, 117
いじめ, 4.144926376198424, 1, 116, 117
抱く, 4.1326480464199875, 1, 117, 118
ワタ, 4.1326480464199875, 1, 117, 118
妻, 4.1326480464199875, 1, 117, 118
風味, 4.1326480464199875, 1, 117, 118
多数, 4.120473332473885, 1, 118, 119
極み, 4.10840050017331, 1, 119, 120
るい, 4.10840050017331, 1, 119, 120
本格, 4.0964278585072345, 1, 120, 121
運ぶ, 4.0964278585072345, 1, 120, 121
最高かよ, 4.0964278585072345, 1, 120, 121
14日, 4.084553758218942, 1, 121, 122
⁽⁽, 4.072776590442589, 1, 122, 123
10人, 4.072776590442589, 1, 122, 123
ようやく, 4.061094785394953, 3, 245, 248
バイバイ。, 4.061094785394953, 1, 123, 124
往復, 4.061094785394953, 1, 123, 124
まち, 4.061094785394953, 1, 123, 124
武道館, 4.061094785394953, 1, 123, 124
都会, 4.053359136615348, 2, 185, 187
囲む, 4.049506811119742, 1, 124, 125
Waseda, 4.049506811119742, 1, 124, 125
焼き鳥, 4.049506811119742, 1, 124, 125
ブルー, 4.049506811119742, 1, 124, 125
station, 4.049506811119742, 1, 124, 125
中央通り, 4.038011172281912, 1, 125, 126
清瀬, 4.030397988172037, 2, 188, 190
高尾, 4.026606409009663, 1, 126, 127
13時, 4.026606409009663, 1, 126, 127
右手, 4.004063840358574, 1, 128, 129
了, 4.000340754315857, 2, 192, 194
長, 3.9929232827533743, 1, 129, 130
At, 3.9929232827533743, 1, 129, 130
納豆, 3.9929232827533743, 1, 129, 130
抜群, 3.9929232827533743, 1, 129, 130
毎年, 3.9840723651711087, 4, 323, 327
当たり, 3.9818680942443785, 1, 130, 131
明治神宮前, 3.9818680942443785, 1, 130, 131
2014, 3.9769817388843527, 17, 1166, 1183
光る, 3.9708969764233752, 1, 131, 132
しな, 3.9708969764233752, 1, 131, 132
お花, 3.9600086602806392, 1, 132, 133
恋人, 3.9600086602806392, 1, 132, 133
皇居, 3.9438287332252044, 7, 531, 538
ライス, 3.938475498730998, 1, 134, 135
やさしい, 3.938475498730998, 1, 134, 135
門, 3.922533954861976, 3, 270, 273
フォークとナイフ, 3.917259012821302, 1, 136, 137
公園, 3.9067666390036595, 7, 545, 552
華, 3.9067666390036595, 1, 137, 138
ファッション, 3.9067666390036595, 1, 137, 138
美, 3.8860080788368623, 1, 139, 140
皮, 3.8860080788368623, 1, 139, 140
手術, 3.875739743383035, 1, 140, 141
青, 3.875739743383035, 3, 279, 282
祭, 3.8706328529499463, 3, 280, 283
because, 3.865543976277147, 1, 141, 142
中心, 3.8554197590034396, 1, 142, 143
多く, 3.8453660943395165, 2, 214, 216
蹴る, 3.8453660943395165, 1, 143, 144
2度, 3.8453660943395165, 1, 143, 144
風景, 3.8453660943395165, 1, 143, 144
串, 3.8254665369018115, 1, 145, 146
江戸, 3.8254665369018115, 1, 145, 146
鈍器, 3.8254665369018115, 1, 145, 146
きもち, 3.815618750945464, 1, 146, 147
18時, 3.8123510371115534, 2, 219, 221
臭い, 3.805837730152879, 4, 366, 370
出社, 3.805837730152879, 1, 147, 148
じゅん, 3.796122575319667, 1, 148, 149
打ち合わせ, 3.792898674445381, 2, 222, 224
地, 3.792898674445381, 2, 222, 224
Yoyogi, 3.7864724052859478, 2, 223, 225
プチ, 3.7864724052859478, 1, 149, 150
Campus, 3.767363582338243, 1, 151, 152
予報, 3.757903253089177, 1, 152, 153
お天気, 3.757903253089177, 1, 152, 153
煮る, 3.757903253089177, 1, 152, 153
cute, 3.757903253089177, 1, 152, 153
決め手, 3.748504555086927, 1, 153, 154
気持ちいい, 3.748504555086927, 1, 153, 154
ベスト, 3.748504555086927, 1, 153, 154
まして, 3.748504555086927, 1, 153, 154
だいぶ, 3.7453852132427485, 5, 458, 463
晴れ, 3.739166690507591, 1, 154, 155
一部, 3.7360674518487045, 2, 231, 233
まるで, 3.7298888769195804, 1, 155, 156
付近, 3.7252722488492105, 3, 310, 313
歩, 3.7237366499379854, 2, 233, 235
繰り返す, 3.7206703468902016, 1, 156, 157
イン, 3.7206703468902016, 1, 156, 157
周辺, 3.711510347604726, 2, 235, 237
こる, 3.711510347604726, 1, 157, 158
l, 3.711510347604726, 2, 235, 237
15時, 3.7024081404974734, 1, 158, 159
苦笑, 3.7024081404974734, 1, 158, 159
トレーニング, 3.6933630008944665, 2, 238, 240
青い, 3.6933630008944665, 1, 159, 160
撮れる, 3.687364260273023, 2, 239, 241
美味, 3.687364260273023, 2, 239, 241
たまたま, 3.687364260273023, 2, 239, 241
荻窪, 3.684374217667212, 1, 160, 161
食べ物, 3.675441092897204, 1, 161, 162
キャンパス, 3.672898898334751, 6, 562, 568
隠す, 3.666562941550751, 1, 162, 163
寄り道, 3.6577390911637453, 1, 163, 164
珈琲, 3.6577390911637453, 2, 244, 246
全体, 3.6577390911637453, 1, 163, 164
これだけ, 3.6577390911637453, 1, 163, 164
社員, 3.648968881536013, 1, 164, 165
発生, 3.640251664434904, 1, 165, 166
カメラ, 3.640251664434904, 3, 329, 332
サークル, 3.640251664434904, 1, 165, 166
鼻水, 3.640251664434904, 1, 165, 166
ソース, 3.6344693118408977, 2, 248, 250
3年, 3.6315868033077763, 1, 166, 167
だまる, 3.6229736730030684, 1, 167, 168
素手, 3.6144116594996443, 1, 168, 169
爆発, 3.605900159644127, 1, 169, 170
我が家, 3.597438580895931, 1, 170, 171
乗り, 3.597438580895931, 1, 170, 171
とぶ, 3.597438580895931, 1, 170, 171
日本酒, 3.5848385441162973, 3, 342, 345
美しい, 3.583445308816431, 5, 513, 518
技手, 3.580662868145104, 1, 172, 173
店舗, 3.5778857834745303, 2, 258, 260
セミナー, 3.5723475999331002, 1, 173, 174
失う, 3.5640799839495, 1, 174, 175
一体, 3.5640799839495, 1, 174, 175
今日も一日, 3.5640799839495, 1, 174, 175
いかが, 3.5640799839495, 1, 174, 175
半分, 3.559963875477268, 3, 348, 351
区立, 3.5558594771445318, 1, 175, 176
制服, 3.5476855456988314, 1, 176, 177
くー, 3.5476855456988314, 1, 176, 177
コース, 3.539557664815431, 4, 441, 445
筋トレ, 3.539557664815431, 1, 177, 178
11時, 3.528791233946361, 2, 267, 269
気味, 3.5234379994521543, 1, 179, 180
柄, 3.5234379994521543, 1, 179, 180
肌, 3.5154452086986234, 1, 180, 181
1129, 3.5074964555831323, 1, 181, 182
目立つ, 3.5074964555831323, 1, 181, 182
じゃう, 3.4995912574977863, 1, 182, 183
ケータイ, 3.4995912574977863, 1, 182, 183
気合い, 3.496965788090963, 2, 273, 275
休日, 3.4956548429386163, 3, 364, 367
思わず, 3.491729139724816, 1, 183, 184
満喫, 3.483909635265517, 1, 184, 185
自然, 3.483909635265517, 1, 184, 185
くさい, 3.4813125237794775, 2, 276, 278
明るい, 3.4813125237794775, 2, 276, 278
空, 3.4761322846737976, 5, 553, 558
フットサル, 3.4761322846737976, 1, 185, 186
都合, 3.4607022441041915, 1, 187, 188
入院, 3.4530486715607562, 1, 188, 189
3時, 3.445435487450881, 1, 189, 190
Palace, 3.4403822597245957, 2, 284, 286
浅草寺, 3.43786226774608, 1, 190, 191
靴, 3.435346669827297, 2, 285, 287
今朝, 3.4328354506712473, 5, 570, 575
UP, 3.4303285950606726, 1, 191, 192
のんびり, 3.4303285950606726, 1, 191, 192
早稲田大学, 3.4303285950606726, 1, 191, 192
かんじる, 3.425327914002306, 2, 287, 289
取り, 3.4228340585137484, 1, 192, 193
Imperial, 3.4153782535947013, 2, 289, 291
バタバタ, 3.4153782535947013, 1, 193, 194
若干, 3.4153782535947013, 1, 193, 194
拾う, 3.4153782535947013, 1, 193, 194
用事, 3.407960782032218, 1, 194, 195
めし, 3.4005812516666207, 1, 195, 196
ダッシュ, 3.3956824522537814, 2, 293, 295
⁾⁾, 3.3956824522537814, 2, 293, 295
AGAIN, 3.3932392763254526, 1, 196, 197
PEOPLE, 3.3908002308740355, 2, 294, 296
posted, 3.3908002308740355, 2, 294, 296
帰り道, 3.385934475702219, 1, 197, 198
唐揚げ, 3.37866647523818, 1, 198, 199
LE, 3.37866647523818, 1, 198, 199
乾杯, 3.3714349060071043, 1, 199, 200
there, 3.3714349060071043, 1, 199, 200
Hello, 3.3714349060071043, 1, 199, 200
色, 3.3650371348089534, 8, 896, 904
晴れる, 3.357079613030034, 3, 401, 404
始まり, 3.3499551785966526, 1, 202, 203
本番, 3.3499551785966526, 1, 202, 203
n, 3.3499551785966526, 1, 202, 203
恐ろしい, 3.342865753810333, 1, 203, 204
BIG, 3.342865753810333, 1, 203, 204
東横線, 3.3358109962763827, 1, 204, 205
冷える, 3.3358109962763827, 1, 204, 205
Art, 3.3287905685986106, 1, 205, 206
前日, 3.3287905685986106, 1, 205, 206
デッキ, 3.3218041382825034, 1, 206, 207
キラキラ, 3.3148513776407365, 1, 207, 208
初め, 3.307931963700946, 1, 208, 209
確実, 3.305632847611358, 2, 312, 314
ウチ, 3.301045578115706, 1, 209, 210
白い, 3.2941919070746435, 1, 210, 211
おば, 3.2941919070746435, 1, 210, 211
社, 3.2873706412186294, 1, 211, 212
牡蠣, 3.2828409827381155, 2, 317, 319
ハッピー, 3.2805814755559903, 1, 212, 213
西新宿, 3.2805814755559903, 1, 212, 213
з, 3.2805814755559903, 1, 212, 213
止める, 3.269336718388368, 2, 320, 322
参る, 3.2670982461923685, 1, 214, 215
階段, 3.26040359361836, 1, 215, 216
合わせる, 3.2471067710049026, 3, 433, 436
放題, 3.2471067710049026, 1, 217, 218
スルー, 3.2471067710049026, 1, 217, 218
60, 3.2471067710049026, 1, 217, 218
答える, 3.2405040361806554, 1, 218, 219
天気, 3.2313106820980337, 9, 1093, 1102
川, 3.2273885363903974, 1, 220, 221
乗り換える, 3.2273885363903974, 1, 220, 221
残業, 3.2273885363903974, 1, 220, 221
面, 3.220875229431723, 1, 221, 222
溢れる, 3.2079361737242245, 1, 223, 224
大量, 3.2079361737242245, 1, 223, 224
速報, 3.2015099045647917, 1, 224, 225
午後, 3.2015099045647917, 3, 447, 450
火曜日, 3.2015099045647917, 1, 224, 225
TIME, 3.2015099045647917, 1, 224, 225
とまる, 3.1951121333666412, 1, 225, 226
日照時間, 3.188742608490914, 1, 226, 227
さみしい, 3.188742608490914, 1, 226, 227
西, 3.1866256674788125, 2, 339, 341
一日, 3.1866256674788125, 2, 339, 341
方面, 3.176087307684885, 1, 228, 229
週間, 3.1698010448374534, 1, 229, 230
使用, 3.1635420543657715, 1, 230, 231
終える, 3.1635420543657715, 1, 230, 231
半端ない, 3.1635420543657715, 1, 230, 231
20時, 3.1511049511275484, 1, 232, 233
受かる, 3.1387741492168293, 1, 234, 235
あん, 3.1387741492168293, 1, 234, 235
下, 3.1367292232318045, 5, 701, 706
影響, 3.1326480464199875, 2, 352, 354
式, 3.12654784688357, 1, 236, 237
3回, 3.12654784688357, 1, 236, 237
更に, 3.12654784688357, 1, 236, 237
押す, 3.1204733324738854, 2, 355, 357
ェ, 3.1204733324738854, 1, 237, 238
抜ける, 3.112413562679934, 2, 357, 359
違い, 3.104398569615814, 2, 359, 361
L・A, 3.102401759551867, 1, 240, 241
春, 3.102401759551867, 1, 240, 241
四, 3.1004077094197795, 2, 360, 362
三鷹駅, 3.0964278585072345, 1, 241, 242
旅行, 3.0964278585072345, 2, 361, 363
京都, 3.0845537582189424, 2, 364, 366
有る, 3.0806173436597724, 2, 365, 367
作り, 3.078653156779258, 1, 244, 245
自宅, 3.072776590442589, 1, 245, 246
好きな人, 3.0533591366153483, 2, 372, 374
公開, 3.0456647448253475, 2, 374, 376
関東, 3.0437475418310567, 1, 250, 251
下手, 3.0437475418310567, 1, 250, 251
流れ, 3.0437475418310567, 1, 250, 251
CLUB, 3.0380111722819123, 1, 251, 252
辺り, 3.0380111722819123, 1, 251, 252
しゃー, 3.0322975210875187, 1, 252, 253
つけ, 3.0322975210875187, 1, 252, 253
師走, 3.026606409009663, 1, 253, 254
日本語, 3.020937658922971, 1, 254, 255
大, 3.020937658922971, 1, 254, 255
横, 3.0152910957818286, 3, 509, 512
イイ, 3.011538960920721, 2, 383, 385
富士山, 3.011538960920721, 2, 383, 385
事件, 3.0096665465879506, 1, 256, 257
無し, 3.0096665465879506, 1, 256, 257
二丁目, 3.0096665465879506, 1, 256, 257
なんとか, 3.0077965592349045, 2, 384, 386
湯, 3.0040638403585747, 1, 257, 258
遭遇, 3.0040638403585747, 1, 257, 258
広島, 2.998482808095275, 1, 258, 259
Good, 2.9708969764233752, 2, 394, 396
回復, 2.9654425463312672, 1, 264, 265
Japan, 2.9600086602806392, 5, 793, 798
写真, 2.9539025928933746, 38, 5171, 5209
光, 2.949201905324056, 3, 533, 536
ステージ, 2.9456175679750176, 2, 401, 403
挨拶, 2.9438287332252044, 1, 268, 269
きれる, 2.94204211375119, 2, 402, 404
自転車, 2.938475498730998, 2, 403, 405
十, 2.938475498730998, 1, 269, 270
最終日, 2.9278282545314895, 1, 271, 272
珍しい, 2.9207734969975387, 2, 408, 410
活動, 2.917259012821302, 1, 273, 274
d, 2.917259012821302, 1, 273, 274
太陽, 2.899813878361893, 2, 414, 416
こないだ, 2.8963500230583215, 1, 277, 278
晴, 2.891169783952641, 1, 278, 279
勢い, 2.8860080788368623, 1, 279, 280
12時, 2.8860080788368623, 1, 279, 280
赤い, 2.8808647755609025, 1, 280, 281
投げキッス, 2.875739743383035, 1, 281, 282
繋がる, 2.875739743383035, 2, 421, 423
地下, 2.8706328529499463, 1, 282, 283
Birthday, 2.8706328529499463, 1, 282, 283
楽しめる, 2.8604729867297247, 1, 284, 285
飲める, 2.8604729867297247, 1, 284, 285
模様, 2.8554197590034396, 1, 285, 286
レストラン, 2.8554197590034396, 1, 285, 286
丸の内, 2.8554197590034396, 1, 285, 286
2年, 2.850384169106141, 1, 286, 287
興奮, 2.850384169106141, 1, 286, 287
デカ, 2.8453660943395165, 1, 287, 288
打ち上げる, 2.84036541328115, 1, 288, 289
ついで, 2.835382005766894, 1, 289, 290
納得, 2.835382005766894, 1, 289, 290
一杯, 2.8304157528735447, 1, 290, 291
緑, 2.8304157528735447, 1, 290, 291
入場, 2.8254665369018115, 1, 291, 292
後半, 2.820534241359581, 1, 292, 293
進む, 2.8123510371115534, 2, 440, 442
行幸, 2.8123510371115534, 2, 440, 442
なんや, 2.810719951532625, 1, 294, 295
WORLD, 2.805837730152879, 1, 295, 296
先週, 2.800971974981063, 1, 296, 297
身, 2.796122575319667, 1, 297, 298
だい, 2.796122575319667, 1, 297, 298
チャリ, 2.7816714190221266, 1, 300, 301
いよいよ, 2.7800746340877973, 2, 450, 452
今後, 2.77688635645675, 1, 301, 302
ほとんど, 2.770530861416926, 2, 453, 455
ちょい, 2.767363582338243, 2, 454, 456
寄る, 2.761049808406041, 2, 456, 458
塩, 2.757903253089177, 1, 305, 306
Now, 2.75476354555861, 2, 458, 460
タイミング, 2.751630656073647, 2, 459, 461
都内, 2.748504555086927, 1, 307, 308
とても, 2.739166690507591, 7, 1233, 1240
きく, 2.7360674518487045, 2, 464, 466
過去, 2.7345203256512263, 1, 310, 311
ビル, 2.7298888769195804, 3, 621, 624
僂指, 2.7298888769195804, 1, 311, 312
撮影, 2.7268094839876085, 5, 933, 938
空気, 2.7252722488492105, 1, 312, 313
危ない, 2.7252722488492105, 1, 312, 313
トーク, 2.7252722488492105, 1, 312, 313
具合, 2.71608307739455, 1, 314, 315
あったかい, 2.7069520656424215, 1, 316, 317
どちら, 2.6978784820169595, 1, 318, 319
平日, 2.696371750766805, 2, 477, 479
day, 2.6933630008944665, 2, 478, 480
中央線, 2.6933630008944665, 1, 319, 320
残念, 2.6882196976185067, 6, 1118, 1124
版, 2.684374217667212, 1, 321, 322
だらけ, 2.675441092897204, 1, 323, 324
求める, 2.675441092897204, 1, 323, 324
Ueno, 2.6739576017218734, 5, 968, 973
街, 2.6724756344206426, 2, 485, 487
裏, 2.669516258940099, 2, 486, 488
匂い, 2.666562941550751, 1, 325, 326
まさか, 2.6636156575004146, 2, 488, 490
コラボ, 2.662144270283746, 1, 326, 327
回る, 2.6577390911637453, 1, 327, 328
今更, 2.6533473220465873, 1, 328, 329
我, 2.6533473220465873, 1, 328, 329
オススメ, 2.64605728611611, 2, 494, 496
相談, 2.644603688974611, 1, 330, 331
全国, 2.644603688974611, 1, 330, 331
お気, 2.640251664434904, 1, 331, 332
想像, 2.6373575911657245, 2, 497, 499
センス, 2.635912728710567, 1, 332, 333
冬, 2.627273810436694, 7, 1333, 1340
試験, 2.6229736730030684, 1, 335, 336
交差点, 2.619542767602795, 4, 838, 842
腰, 2.6186863145999704, 1, 336, 337
中野, 2.6186863145999704, 3, 671, 674
すか, 2.6186863145999704, 1, 336, 337
立つ, 2.6115689097308192, 2, 506, 508
きる, 2.605900159644127, 1, 339, 340
不思議, 2.6016631667576564, 1, 340, 341
築地, 2.6016631667576564, 1, 340, 341
一瞬, 2.580662868145104, 1, 345, 346
失敗, 2.5723475999331002, 1, 347, 348
ビール, 2.5706902820703266, 4, 867, 871
素晴らしい, 2.569034865892265, 4, 868, 872
八, 2.5682078695721766, 1, 348, 349
経つ, 2.5682078695721766, 1, 348, 349
週末, 2.5640799839495, 2, 523, 525
短い, 2.559963875477268, 1, 350, 351
vs, 2.559963875477268, 1, 350, 351
起こす, 2.5517667225106484, 1, 352, 353
shibuya, 2.5517667225106484, 1, 352, 353
犬, 2.5517667225106484, 1, 352, 353
ちょうど, 2.5436158813897842, 1, 354, 355
深夜, 2.5314753185175722, 1, 357, 358
pic, 2.5314753185175722, 2, 535, 537
白, 2.5314753185175722, 1, 357, 358
かなり, 2.5280252689478058, 6, 1250, 1256
流れる, 2.5181045551491135, 2, 540, 542
東, 2.5154452086986234, 1, 361, 362
ナイス, 2.5154452086986234, 1, 361, 362
戦, 2.5154452086986234, 1, 361, 362
つき, 2.513169663998327, 6, 1263, 1269
薬, 2.511465357786078, 1, 362, 363
1号, 2.511465357786078, 1, 362, 363
土, 2.5074964555831323, 1, 363, 364
道, 2.5022215135424584, 2, 546, 548
P, 2.4995912574977863, 1, 365, 366
男性, 2.4878140897214327, 1, 368, 369
通る, 2.483909635265517, 1, 369, 370
千葉, 2.4800157191610257, 1, 370, 371
広場, 2.478720079162953, 2, 555, 557
がんばれる, 2.472259275526591, 1, 372, 373
Tōkyōto, 2.469800035850081, 10, 2045, 2055
HAPPY, 2.4683966358941922, 2, 559, 561
豚, 2.4607022441041915, 1, 375, 376
誘う, 2.4607022441041915, 2, 562, 564
Museum, 2.4568703825131646, 1, 376, 377
ホール, 2.4530486715607562, 2, 565, 567
赤羽駅, 2.449237057610737, 1, 378, 379
ギリギリ, 2.43786226774608, 1, 381, 382
近く, 2.4315814783707546, 5, 1146, 1151
ｰ, 2.4303285950606726, 1, 383, 384
かん, 2.4303285950606726, 1, 383, 384
めちゃ, 2.4278260878575026, 2, 575, 577
御疲れ様, 2.426576460199565, 1, 384, 385
太る, 2.407960782032218, 1, 389, 390
住む, 2.405496742080737, 2, 584, 586
日曜日, 2.4030369033929326, 2, 585, 587
oo, 2.4005812516666207, 2, 586, 588
悪意, 2.4005812516666207, 1, 391, 392
流行る, 2.3969055935232224, 1, 392, 393
Ｏ, 2.3932392763254526, 1, 393, 394
NOW, 2.3908002308740355, 2, 590, 592
歩く, 2.3883653019569815, 5, 1181, 1186
モデル, 2.385934475702219, 1, 395, 396
来月, 2.375046159559483, 1, 398, 399
東京タワー, 2.375046159559483, 1, 398, 399
お土産, 2.375046159559483, 1, 398, 399
半端, 2.3642394046029, 1, 401, 402
時期, 2.359462264341028, 2, 603, 605
本気, 2.354700890247303, 2, 605, 607
伝える, 2.3499551785966526, 1, 405, 406
走る, 2.3442808545033773, 4, 1015, 1019
サービス, 2.342865753810333, 1, 407, 408
来店, 2.342865753810333, 2, 610, 612
後輩, 2.33933406284008, 1, 408, 409
記念, 2.33933406284008, 1, 408, 409
萎える, 2.3358109962763827, 1, 409, 410
前, 2.3325159167148017, 31, 6544, 6575
おっさん, 2.3287905685986106, 1, 411, 412
LIKE, 2.3287905685986106, 2, 616, 618
日曜, 2.3287905685986106, 1, 411, 412
ほる, 2.3252931243623833, 3, 823, 826
19, 2.311387522337165, 1, 416, 417
雨, 2.3067819476648506, 17, 3748, 3765
代官山, 2.3044846620824773, 1, 418, 419
感じ, 2.304282135930549, 16, 3546, 3562
お母さん, 2.2941919070746435, 1, 421, 422
アップ, 2.2941919070746435, 1, 421, 422
空間, 2.2941919070746435, 1, 421, 422
美味い, 2.2873706412186294, 3, 845, 848
買い物, 2.2839720647567647, 3, 847, 850
左, 2.2738241093806817, 1, 427, 428
学生, 2.2738241093806817, 1, 427, 428
職場, 2.2738241093806817, 1, 427, 428
魚, 2.270457258282283, 1, 428, 429
or, 2.2670982461923685, 1, 429, 430
思える, 2.2670982461923685, 1, 429, 430
H, 2.26040359361836, 1, 431, 432
小さい, 2.2537398633373495, 1, 433, 434
寝坊, 2.250419505045738, 1, 434, 435
せっかく, 2.233931382257169, 1, 439, 440
くせ, 2.230656250224308, 1, 440, 441
クラブ, 2.2241282072268107, 1, 442, 443
たぶん, 2.223043066114433, 2, 663, 665
焦る, 2.214391195861524, 1, 445, 446
よね, 2.214391195861524, 1, 445, 446
右, 2.2079361737242245, 1, 447, 448
通過, 2.204719461040682, 1, 448, 449
見れる, 2.1999077999682903, 3, 898, 901
営業, 2.199374160220801, 2, 674, 676
くい, 2.197241572927988, 2, 675, 677
2回, 2.1951121333666412, 1, 451, 452
付き, 2.1919238557355936, 1, 452, 453
急, 2.182401081617087, 1, 455, 456
場所, 2.1811361143805095, 4, 1137, 1141
どんどん, 2.1792407407237593, 1, 456, 457
寒さ, 2.1698010448374534, 1, 459, 460
発売, 2.1698010448374534, 1, 459, 460
はる, 2.166668155352491, 1, 460, 461
定食, 2.166668155352491, 1, 460, 461
聴く, 2.1531703702933327, 5, 1391, 1396
弁当, 2.148012356072167, 1, 466, 467
世界, 2.1424623362469433, 4, 1168, 1172
盛り上がる, 2.1387741492168293, 1, 469, 470
見つける, 2.1387741492168293, 2, 703, 705
あんまり, 2.1326480464199875, 1, 471, 472
あまり, 2.1204733324738854, 2, 712, 714
夜勤, 2.1174456397763173, 1, 476, 477
あがる, 2.1114092500456487, 1, 478, 479
理解, 2.1114092500456487, 1, 478, 479
治る, 2.0994117169460558, 1, 482, 483
撮る, 2.0974217924362404, 5, 1446, 1451
Cafe, 2.0964278585072345, 2, 724, 726
数, 2.094938240366748, 3, 966, 969
出し手, 2.0865260005505473, 5, 1457, 1462
場, 2.075711881467136, 1, 490, 491
素敵, 2.072776590442589, 6, 1716, 1722
館, 2.065464385022718, 3, 986, 989
金曜日, 2.0640063808148565, 1, 494, 495
やむ, 2.0640063808148565, 1, 494, 495
みなさん, 2.0640063808148565, 1, 494, 495
何とか, 2.0610947853949537, 1, 495, 496
場合, 2.0610947853949537, 1, 495, 496
星, 2.052395090444568, 3, 995, 998
理由, 2.0437475418310567, 1, 501, 502
向かう, 2.0368666303409713, 4, 1257, 1261
雰囲気, 2.029449158778488, 1, 506, 507
05, 2.0124760801747748, 1, 512, 513
ゆく, 2.0124760801747748, 1, 512, 513
選ぶ, 2.0040638403585747, 1, 515, 516
原宿駅, 1.998482808095275, 1, 517, 518
Station, 1.996627251516793, 5, 1551, 1556
側, 1.9818680942443785, 1, 523, 524
are, 1.9818680942443785, 2, 784, 786
Harajuku, 1.9818680942443785, 1, 523, 524
センター, 1.9818680942443785, 1, 523, 524
会場, 1.9782017770466087, 2, 786, 788
楽しむ, 1.9740230774100949, 6, 1838, 1844
じゃなくて, 1.9727197120301931, 2, 789, 791
mm, 1.9708969764233755, 1, 527, 528
野郎, 1.9672583993600272, 2, 792, 794
遅い, 1.9643541305566032, 4, 1322, 1326
入り, 1.9384754987309978, 1, 539, 540
続く, 1.9349176793178087, 2, 810, 812
高校, 1.9331420544279574, 2, 811, 813
今年, 1.9282703244111208, 11, 3252, 3263
ほんと, 1.917259012821302, 1, 547, 548
SO, 1.9102556250835396, 2, 824, 826
水, 1.9015489297326404, 2, 829, 831
つもり, 1.9015489297326404, 1, 553, 554
すい, 1.8911697839526411, 1, 557, 558
風, 1.8911697839526411, 5, 1669, 1674
癒す, 1.8860080788368623, 1, 559, 560
興味, 1.8782999837015992, 1, 562, 563
大学, 1.8740354371707864, 2, 845, 847
とっても, 1.8731840384792788, 1, 564, 565
こわい, 1.8731840384792788, 1, 564, 565
ぉ, 1.8680861708396, 1, 566, 567
上手い, 1.8655439762771466, 1, 567, 568
以上, 1.863006253475247, 5, 1702, 1707
Shinjuku, 1.8625453285381348, 21, 6240, 6261
photo, 1.8503841691061411, 1, 573, 574
東京, 1.8469082591479218, 25, 7455, 7480
oO, 1.8453660943395165, 1, 575, 576
売る, 1.84036541328115, 2, 865, 867
初めて, 1.8397415451456383, 7, 2306, 2313
上がる, 1.8341388389162623, 3, 1158, 1161
座る, 1.830415752873545, 1, 581, 582
AND, 1.8289999578228364, 6, 2033, 2039
Shibuya, 1.8283515158052688, 11, 3486, 3497
結婚, 1.8279390225813323, 1, 582, 583
残る, 1.822998281311062, 1, 584, 585
集まる, 1.8205342413595809, 1, 585, 586
赤, 1.8172553875825714, 2, 879, 881
早め, 1.8156187509454642, 1, 587, 588
家族, 1.813167271951368, 1, 588, 589
三, 1.812677475633342, 4, 1469, 1473
外, 1.8082767756042963, 3, 1179, 1182
2人, 1.8025920706492249, 2, 888, 890
but, 1.7912894215837238, 1, 597, 598
通り, 1.7880762909885375, 2, 897, 899
位, 1.7816714190221268, 1, 601, 602
居酒屋, 1.774499763619872, 1, 604, 605
たん, 1.7642032414449154, 2, 912, 914
始める, 1.763572003175869, 4, 1520, 1524
降りる, 1.7531962504116494, 1, 613, 614
帰り, 1.752021895409167, 3, 1226, 1229
そうだ, 1.7391666905075913, 1, 619, 620
お早う, 1.735680514729344, 3, 1240, 1243
Pokemon!, 1.7275787162323795, 1, 624, 625
酒, 1.7252722488492103, 2, 937, 939
Coffee, 1.7237366499379851, 2, 938, 940
of, 1.7095550343970523, 6, 2209, 2215
大きい, 1.7069520656424215, 1, 633, 634
買える, 1.7001415335255285, 1, 636, 637
一緒に, 1.7001415335255285, 1, 636, 637
体調, 1.6933630008944665, 1, 639, 640
頃, 1.6877384517005884, 3, 1282, 1285
周り, 1.6821357454712123, 1, 644, 645
服, 1.6709951878660119, 1, 649, 650
だれ, 1.666562941550751, 1, 651, 652
出勤, 1.657739091163745, 1, 655, 656
部, 1.657739091163745, 1, 655, 656
De, 1.651156440773777, 1, 658, 659
ついに, 1.640251664434904, 1, 663, 664
沢山, 1.6380805653932768, 1, 664, 665
JUST, 1.6344693118408977, 2, 998, 1000
嘘, 1.6337481445972437, 1, 666, 667
相変わらず, 1.6315868033077765, 1, 667, 668
朝, 1.6240475063543864, 11, 4018, 4029
涙。, 1.6208284011715117, 1, 672, 673
オープン, 1.6144116594996445, 1, 675, 676
トイレ, 1.6144116594996445, 1, 675, 676
受ける, 1.610149632645485, 1, 677, 678
降る, 1.6033564709906487, 4, 1699, 1703
鍋, 1.5953309179339397, 1, 684, 685
足立区, 1.5946290473091067, 2, 1026, 1028
コーヒー, 1.5869309230775372, 1, 688, 689
続ける, 1.5827491953935702, 1, 690, 691
余裕, 1.5723475999331005, 1, 695, 696
悲しい, 1.5682078695721764, 1, 697, 698
BY, 1.5661424504063926, 3, 1395, 1398
たち, 1.559963875477268, 2, 1051, 1053
イルミネーション, 1.5585944448657703, 2, 1052, 1054
府中, 1.5436158813897842, 1, 709, 710
1時間, 1.5436158813897842, 1, 709, 710
足, 1.54090913567856, 2, 1065, 1067
語る, 1.5274510619587773, 1, 717, 718
JAPAN, 1.5226367247629153, 4, 1797, 1801
多い, 1.5194360688946578, 7, 2881, 2888
気分, 1.5035384420144493, 2, 1093, 1095
地元, 1.495654842938616, 1, 733, 734
寂しい, 1.495654842938616, 1, 733, 734
少し, 1.4943450879318272, 5, 2199, 2204
12月, 1.491729139724816, 4, 1836, 1840
心配, 1.4722592755265909, 1, 745, 746
IS, 1.4653139530100043, 4, 1870, 1874
立川, 1.4645443103985856, 1, 749, 750
引く, 1.4303285950606726, 1, 767, 768
歌, 1.4303285950606726, 1, 767, 768
もらえる, 1.4303285950606726, 1, 767, 768
彼氏, 1.429076798851213, 2, 1151, 1153
音, 1.4284513078200023, 1, 768, 769
子供, 1.426576460199565, 1, 769, 770
結構, 1.4218999729900919, 3, 1542, 1545
1人, 1.415378253594701, 2, 1162, 1164
移動, 1.4135203073741187, 1, 776, 777
まま, 1.4116647507956368, 1, 777, 778
目黒区, 1.4067282360017699, 2, 1169, 1171
泣く, 1.4042662984744765, 3, 1561, 1564
間, 1.3987422520028394, 1, 784, 785
来る, 1.3965123278697338, 27, 10980, 11007
がん, 1.3895822527173636, 1, 789, 790
待ち, 1.3841140400778502, 1, 792, 793
付ける, 1.376855181791357, 1, 796, 797
マース, 1.3738414037141993, 2, 1196, 1198
減る, 1.371434906007104, 1, 799, 800
間に合う, 1.3702331607973508, 2, 1199, 1201
決める, 1.3535129980098417, 1, 809, 810
雪, 1.3410988276361455, 1, 816, 817
ゆっくり, 1.3393340628400798, 2, 1225, 1227
展, 1.330542475360203, 1, 822, 823
合う, 1.3252931243623836, 1, 825, 826
様, 1.3226755940872486, 3, 1652, 1655
良い, 1.3208364710379021, 17, 7440, 7457
上, 1.31052285641923, 3, 1666, 1669
1番, 1.301045578115706, 1, 839, 840
六本木, 1.2976146727154327, 1, 841, 842
こんなに, 1.2941919070746435, 1, 843, 844
GT, 1.2941919070746435, 1, 843, 844
TOKYO, 1.2939070428144843, 11, 5054, 5065
増える, 1.292483564612282, 1, 844, 845
並ぶ, 1.2839720647567645, 1, 849, 850
いない, 1.2822757740958661, 1, 850, 851
達, 1.2822757740958661, 1, 850, 851
なかなか, 1.2771988361613382, 2, 1279, 1281
間違える, 1.2771988361613382, 1, 853, 854
上野, 1.2755104860085686, 1, 854, 855
プレゼント, 1.2738241093806817, 1, 855, 856
言える, 1.270457258282283, 1, 857, 858
なれる, 1.2687767746433651, 1, 858, 859
日本, 1.265756828112567, 4, 2148, 2152
今週, 1.2592908322512855, 2, 1295, 1297
気温, 1.2405040361806554, 1, 875, 876
Tokyo, 1.2335215839186977, 15, 7027, 7042
思い出す, 1.2322928868614154, 1, 880, 881
毎日, 1.2273885363903974, 2, 1324, 1326
遊び, 1.2160094742599068, 1, 890, 891
a, 1.2129542484908493, 8, 4010, 4018
長い, 1.2079361737242247, 1, 895, 896
しまう, 1.205683721992846, 9, 4478, 4487
昔, 1.1983074725264478, 1, 901, 902
It, 1.1983074725264478, 1, 901, 902
がる, 1.1824010816170871, 1, 911, 912
m, 1.1808200457976068, 1, 912, 913
系, 1.176087307684885, 1, 915, 916
見える, 1.168233749690493, 3, 1839, 1842
ここ, 1.166668155352491, 6, 3221, 3227
終わる, 1.1583468919607458, 14, 6941, 6955
練馬区, 1.1557563093991758, 1, 928, 929
嫌い, 1.1557563093991758, 1, 928, 929
声, 1.1397977001933484, 2, 1407, 1409
内, 1.138774149216829, 2, 1408, 1410
the, 1.134177135106732, 5, 2824, 2829
人間, 1.134177135106732, 1, 942, 943
こう, 1.1295947224424334, 1, 945, 946
カラオケ, 1.1265478468835697, 1, 947, 948
気づく, 1.1265478468835697, 1, 947, 948
変える, 1.1219895649212652, 1, 950, 951
2014年, 1.1204733324738851, 2, 1426, 1428
ところ, 1.1156320694043862, 4, 2384, 2388
8, 1.1144242878010802, 1, 955, 956
おわる, 1.1114092500456485, 1, 957, 958
夜, 1.1099040907636981, 5, 2872, 2877
ちょっと, 1.10502313997099, 7, 3842, 3849
最後, 1.1035995139094892, 4, 2404, 2408
的, 1.0954346088701439, 5, 2901, 2906
運, 1.0924589563042888, 2, 1454, 1456
なぜ, 1.0816004408295952, 1, 977, 978
色々, 1.0796349159467051, 2, 1467, 1469
いっぱい, 1.0737543573664188, 2, 1473, 1475
そろそろ, 1.072776590442589, 2, 1474, 1476
心, 1.0708230423568341, 2, 1476, 1478
最初, 1.0698472594039172, 1, 985, 986
問題, 1.0698472594039172, 1, 985, 986
歌う, 1.068384821325431, 1, 986, 987
凄い, 1.0399207622905438, 2, 1508, 1510
体, 1.0237692497061335, 1, 1017, 1018
吉祥寺, 1.0152910957818289, 1, 1023, 1024
また, 1.00873124993225, 2, 1541, 1543
僕, 1.000712630858937, 4, 2582, 2586
終了, 0.995700367423948, 2, 1555, 1557
すごい, 0.9909429186251334, 6, 3639, 3645
嫌, 0.9832453688510203, 1, 1046, 1047
おいしい, 0.9832453688510203, 1, 1046, 1047
たくさん, 0.9782017770466086, 2, 1574, 1576
今回, 0.9772866517124748, 2, 1575, 1577
友達, 0.9770579610500495, 3, 2100, 2103
感じる, 0.9736319441446143, 2, 1579, 1581
イベント, 0.9600086602806392, 2, 1594, 1596
入れる, 0.9593308613295347, 3, 2126, 2129
タッチ, 0.9556762394846062, 9, 5327, 5336
ランチ, 0.9518960144933195, 2, 1603, 1605
もつ, 0.9492019053240563, 1, 1071, 1072
肉, 0.9478567350253069, 1, 1072, 1073
まだ, 0.9456175679750175, 8, 4828, 4836
原宿, 0.9265028570649219, 1, 1088, 1089
よう, 0.9258406146659219, 11, 6526, 6537
ﾉ, 0.9212134101099241, 5, 3274, 3279
手, 0.91462875677663, 2, 1645, 1647
つらい, 0.9120032873698068, 1, 1099, 1100
さすが, 0.8963500230583213, 2, 1666, 1668
口, 0.8885866229386388, 1, 1117, 1118
来週, 0.8860080788368623, 1, 1119, 1120
おる, 0.8847205329764021, 5, 3358, 3363
ぁ, 0.8795818096774294, 1, 1124, 1125
人生, 0.874461325008828, 1, 1128, 1129
The, 0.8723331419397857, 5, 3387, 3392
LIVE, 0.8693589499613131, 1, 1132, 1133
送る, 0.863006253475247, 1, 1137, 1138
港区, 0.8618365006753067, 12, 7391, 7403
休む, 0.8592080194931471, 1, 1140, 1141
新しい, 0.8516414197660037, 1, 1146, 1147
目, 0.848948651534081, 6, 4016, 4022
おく, 0.8453660943395165, 1, 1151, 1152
もう, 0.8444718433712647, 13, 8056, 8069
文京区, 0.8254665369018116, 1, 1167, 1168
曲, 0.8242318812501724, 1, 1168, 1169
車, 0.8205342413595809, 1, 1171, 1172
もらう, 0.8111275500777544, 5, 3534, 3539
ぶり, 0.8094978463846716, 1, 1180, 1181
八王子市, 0.8066502872235782, 2, 1773, 1775
うち, 0.8053504154916372, 4, 2957, 2961
すげる, 0.798545237586523, 1, 1189, 1190
墨田区, 0.7912894215837238, 1, 1195, 1196
多分, 0.7876751523676052, 1, 1198, 1199
生きる, 0.779276903881744, 1, 1205, 1206
久しぶり, 0.7664147529446945, 4, 3038, 3042
味, 0.7638086851616168, 1, 1218, 1219
居る, 0.7555478320910473, 1, 1225, 1226
せい, 0.7531962504116493, 1, 1227, 1228
もっと, 0.7524132408722717, 2, 1841, 1843
無理, 0.7492854455205467, 2, 1845, 1847
こちら, 0.7399425415835034, 2, 1857, 1859
ちゃんと, 0.731431041727986, 2, 1868, 1870
一人, 0.7218194469436945, 1, 1254, 1255
いつ, 0.7183748889025395, 2, 1885, 1887
銀座, 0.7126521719942764, 1, 1262, 1263
くる, 0.7124237348089542, 29, 18919, 18948
過ぎる, 0.7120811468370536, 3, 2524, 2527
来年, 0.6926117928374578, 2, 1919, 1921
ーーー, 0.6821357454712123, 1, 1289, 1290
ちょ, 0.6787845359715745, 1, 1292, 1293
本日, 0.6781152271955295, 4, 3230, 3234
北区, 0.6776691937893211, 1, 1293, 1294
大変, 0.6776691937893211, 1, 1293, 1294
是非, 0.6765547132079126, 1, 1294, 1295
amp, 0.6761834109176403, 2, 1941, 1943
会, 0.6746991566294307, 2, 1943, 1945
カフェ, 0.6743283315301293, 1, 1296, 1297
行う, 0.6577390911637451, 3, 2621, 2624
やっぱり, 0.6511564407737771, 3, 2633, 2636
後, 0.6315868033077765, 3, 2669, 2672
予定, 0.6294286951403679, 2, 2005, 2007
やっと, 0.6244056284962003, 2, 2012, 2014
中, 0.6229736730030686, 10, 7382, 7392
次, 0.6193999901232496, 2, 2019, 2021
とき, 0.6165474038436355, 3, 2697, 2700
1日, 0.6144116594996445, 1, 1351, 1352
悪い, 0.6053698545321502, 3, 2718, 2721
今日, 0.6050891836630915, 33, 23100, 23133
屋, 0.5925254818707308, 2, 2057, 2059
お待ち, 0.5827491953935702, 1, 1381, 1382
作る, 0.578579553644615, 3, 2769, 2772
考える, 0.5661424504063926, 3, 2793, 2796
高い, 0.5375328293379407, 1, 1425, 1426
3, 0.5299649065413052, 3, 2864, 2867
入る, 0.5221027887683346, 5, 4319, 4324
強い, 0.5204355112906307, 1, 1442, 1443
月, 0.5194360688946578, 1, 1443, 1444
違う, 0.5101411768386963, 2, 2178, 2180
TT, 0.5055160914548917, 1, 1457, 1458
わたし, 0.491729139724816, 1, 1471, 1472
まあ, 0.4858605416356779, 1, 1477, 1478
待つ, 0.4787200791629532, 2, 2226, 2228
一, 0.4697749631614368, 6, 5225, 5231
o, 0.4628964575171034, 13, 10499, 10512
いる, 0.44600508476336215, 39, 30349, 30388
休み, 0.42189997299009185, 1, 1544, 1545
全部, 0.41816966699226044, 1, 1548, 1549
最高, 0.4064818531063048, 4, 3900, 3904
かける, 0.4005812516666205, 1, 1567, 1568
子, 0.3822958986388711, 1, 1587, 1588
嬉しい, 0.3813876864333098, 3, 3175, 3178
見る, 0.37878730902868474, 14, 11925, 11939
美味しい, 0.3660349182645144, 3, 3209, 3212
られる, 0.3511401437892566, 5, 4863, 4868
二, 0.34640611151558165, 1, 1627, 1628
みる, 0.32931591728714493, 9, 8228, 8237
ーー, 0.32791541234436183, 1, 1648, 1649
持つ, 0.3108110208146531, 2, 2501, 2503
Twitter, 0.31052285641923, 1, 1668, 1669
いつも, 0.3066382600952991, 3, 3344, 3347
泣き顔, 0.3036241222174826, 1, 1676, 1677
もの, 0.2984716344518799, 3, 3363, 3366
Д, 0.2945338184498401, 4, 4215, 4219
着く, 0.28567035222879017, 1, 1697, 1698
日, 0.2743860159275668, 5, 5129, 5134
出る, 0.2684968842475143, 5, 5150, 5155
よく, 0.2676575387137709, 2, 2577, 2579
もー, 0.26040359361836013, 1, 1727, 1728
話す, 0.2595689421395471, 1, 1728, 1729
食べる, 0.2562351566216592, 7, 6925, 6932
つく, 0.24380162628123048, 2, 2620, 2622
元気, 0.24380162628123048, 1, 1747, 1748
いい, 0.24040716224804304, 16, 14877, 14893
新宿, 0.2385290939955977, 4, 4382, 4386
死ぬ, 0.23393138225716914, 2, 2638, 2640
め, 0.2322928868614153, 2, 2641, 2643
人, 0.22956618969576714, 14, 13226, 13240
どこ, 0.22575745081146892, 2, 2653, 2655
なんで, 0.22250080148076481, 1, 1773, 1774
好き, 0.21627936389513205, 5, 5340, 5345
なる, 0.20876745870308078, 30, 27730, 27760
もん, 0.20471946104068178, 2, 2692, 2694
とりあえず, 0.20364881532112647, 2, 2694, 2696
面白い, 0.19777442428802136, 2, 2705, 2707
よろしくお願いします, 0.19192385573559373, 1, 1811, 1812
台東区, 0.19139316047822486, 2, 2717, 2719
昨日, 0.18778960061244854, 4, 4539, 4543
観る, 0.17451317218677453, 1, 1833, 1834
д, 0.16042271252159238, 1, 1851, 1852
行ける, 0.15653299584640806, 1, 1856, 1857
く, 0.1436424969280663, 5, 5616, 5621
そう, 0.13888378066495277, 13, 13146, 13159
起きる, 0.12300127256503236, 2, 2849, 2851
仕事, 0.12148397702722152, 5, 5703, 5708
変わる, 0.10840050017331034, 1, 1919, 1920
ﾟ, 0.10300051243072035, 4, 4814, 4818
どー, 0.0934501587073387, 1, 1939, 1940
おれ, 0.08160044082959515, 1, 1955, 1956
ヶ月, 0.04734438996912107, 1, 2002, 2003
気持ち, 0.03301049122354588, 1, 2022, 2023
ω, 0.026369765846516416, 11, 12183, 12194
なん, 0.01740596795271757, 3, 4087, 4090
クリスマス, 0.01670066603650008, 1, 2045, 2046
君, 0.010368417212783627, 1, 2054, 2055
とく, 0.002666556916769264, 1, 2065, 2066
電車, 0.002201096341384917, 2, 3098, 3100
うまい, -0.0036045253398207075, 1, 2074, 2075
頭, -0.016754631148979675, 1, 2093, 2094
ちゃん, -0.01990075760420933, 6, 7339, 7345
無い, -0.02568350303547742, 1, 2106, 2107
さ, -0.028283077523926, 4, 5273, 5277
みたい, -0.035101764198067806, 4, 5298, 5302
出来る, -0.04405336504259609, 2, 3199, 3201
とこ, -0.050125038894718844, 1, 2142, 2143
よい, -0.056171266774795434, 5, 6451, 6456
やっぱ, -0.056171266774795434, 1, 2151, 2152
あと, -0.0601880537061882, 4, 5391, 5395
きた, -0.08317969633241741, 2, 3287, 3289
今度, -0.08471412864089183, 1, 2194, 2195
誰, -0.10235200560726321, 1, 2221, 2222
笑う, -0.10624242155820297, 1, 2227, 2228
ため, -0.11012237470148606, 1, 2233, 2234
眠い, -0.12298070439039231, 1, 2253, 2254
知る, -0.12298070439039231, 2, 3379, 3381
暇, -0.14458024099656058, 1, 2287, 2288
顔, -0.1540076000110168, 1, 2302, 2303
めっちゃ, -0.16057028778346707, 3, 4624, 4627
THE, -0.16896439962351983, 1, 2326, 2327
幸せ, -0.17761812333018395, 1, 2340, 2341
楽しみ, -0.19009490024892933, 2, 3540, 3542
行く, -0.19781312386007788, 13, 16605, 16618
痛い, -0.22191886497319274, 1, 2413, 2414
すぎる, -0.22231723444718293, 8, 10858, 10866
東京駅, -0.23065768323979707, 2, 3641, 3643
大好き, -0.23204308224690007, 1, 2430, 2431
学校, -0.23204308224690007, 1, 2430, 2431
時, -0.2400747493256113, 6, 8550, 8556
LINE, -0.2403276540577673, 1, 2444, 2445
私, -0.2469995418178549, 5, 7364, 7369
てる, -0.26663893117361454, 41, 52249, 52290
可愛い, -0.2704000955482638, 3, 4990, 4993
の, -0.2878236979974671, 23, 30299, 30322
忘れる, -0.2936167082821104, 1, 2536, 2537
ない, -0.29369794339803534, 20, 26620, 26640
すぎ, -0.3117000791189881, 1, 2568, 2569
ハート, -0.33122263738380675, 4, 6506, 6510
する, -0.3345429956754182, 74, 97801, 97875
とる, -0.3395092485687676, 1, 2618, 2619
渋谷, -0.3448243986048315, 2, 3941, 3943
今, -0.3523056645538529, 5, 7922, 7927
できる, -0.37717966653482254, 6, 9403, 9409
どう, -0.394099840355873, 2, 4078, 4080
れる, -0.40023942790126754, 14, 20473, 20487
くださる, -0.41149779881373244, 3, 5503, 5506
笑顔, -0.4307583109347211, 3, 5577, 5580
いう, -0.44311551745470396, 3, 5625, 5628
やる, -0.46246717066205933, 10, 15676, 15686
思う, -0.4628717969558038, 9, 14255, 14264
1, -0.48588262852432423, 2, 4346, 4348
人達, -0.48654608912046804, 1, 2899, 2900
使う, -0.5498109825784845, 1, 3029, 3030
大田区, -0.5578826889046569, 1, 3046, 3047
気, -0.5717831814191794, 3, 6150, 6153
勉強, -0.5864796926258813, 1, 3107, 3108
in, -0.5999093774967166, 59, 94053, 94112
みんな, -0.6043175477462186, 2, 4718, 4720
確認, -0.6451505544273443, 1, 3236, 3237
ー, -0.6506221392363498, 19, 32474, 32493
さん, -0.6643489388760331, 10, 18032, 18042
I, -0.725754481228009, 1, 3422, 3423
楽しい, -0.7337402862583746, 3, 6881, 6884
せる, -0.7368107421817561, 2, 5172, 5174
頑張る, -0.7514448437481351, 3, 6966, 6969
事, -0.7644282593615753, 1, 3515, 3516
でる, -0.8076779946714587, 1, 3622, 3623
w, -0.8114018271142415, 10, 19968, 19978
明日, -0.8334883106788852, 4, 9217, 9221
バイト, -0.8345049264637797, 1, 3690, 3691
家, -0.8387980840887452, 1, 3701, 3702
JR, -0.8500555490349513, 1, 3730, 3731
新宿区, -0.8970369169052672, 3, 7706, 7709
ん, -0.904596419165105, 15, 30983, 30998
方, -0.9980315776436187, 2, 6199, 6201
2, -1.0139961311864163, 1, 4179, 4180
ある, -1.0213633349867013, 9, 20998, 21007
それ, -1.1292078300557016, 3, 9052, 9055
飲む, -1.1303226797315604, 1, 4530, 4531
買う, -1.135090873036019, 2, 6817, 6819
くれる, -1.144895480818833, 3, 9151, 9154
AT, -1.183384144597845, 23, 56386, 56409
一緒, -1.188974360355014, 1, 4718, 4719
これから, -1.2660594191992072, 1, 4977, 4978
帰る, -1.271844090304875, 2, 7495, 7497
こと, -1.2727097939257441, 5, 14998, 15003
いく, -1.2728059511584848, 2, 7500, 7502
東京都, -1.2831643003413, 34, 88120, 88154
寒い, -1.2970246509082775, 1, 5085, 5086
寝る, -1.3019330658841652, 2, 7653, 7655
渋谷区, -1.3504845395444396, 2, 7915, 7917
at, -1.3657110137690975, 3, 10665, 10668
早い, -1.3746090769912356, 1, 5366, 5367
店, -1.3858017411428403, 9, 27035, 27044
時間, -1.4004506725082617, 1, 5463, 5464
言う, -1.4557489898124216, 3, 11352, 11355
千代田区, -1.5557030329614, 4, 15208, 15212
笑, -1.5738333381389065, 15, 49279, 49294
Im, -1.5845110788814158, 20, 65159, 65179
ちゃう, -1.5945801913969981, 1, 6250, 6251
これ, -1.6276631276985032, 2, 9592, 9594
俺, -1.7120621501871212, 2, 10170, 10172
何, -1.9438052465001374, 1, 7962, 7963
Sta, -3.9019877351385444, 1, 30941, 30942
