神宮外苑, 13.440161148526355, 214, 19, 233
並木, 12.851101243628422, 292, 40, 332
絵画館, 12.598858894545414, 11, 1, 12
三宿駐屯地, 12.013896393824258, 3, 0, 3
NIKKOCOFFEE, 11.598858894545414, 2, 0, 2
しきつめる, 11.598858894545414, 2, 0, 2
小岩菖蒲園, 11.598858894545414, 2, 0, 2
ITSTHERIGHTTIME, 11.598858894545414, 2, 0, 2
並木前, 11.598858894545414, 2, 0, 2
ポールスタア, 11.598858894545414, 2, 0, 2
晩夏, 11.013896393824258, 1, 0, 1
ダナヤ, 11.013896393824258, 1, 0, 1
イルミモード, 11.013896393824258, 1, 0, 1
yellowautumn, 11.013896393824258, 1, 0, 1
秋雨, 11.013896393824258, 1, 0, 1
フジファキュウソ, 11.013896393824258, 1, 0, 1
aoyamagakuinuniversity, 11.013896393824258, 1, 0, 1
mainstreet, 11.013896393824258, 1, 0, 1
バレルロール, 11.013896393824258, 1, 0, 1
イバーシブル, 11.013896393824258, 1, 0, 1
烤栗, 11.013896393824258, 1, 0, 1
並木北, 11.013896393824258, 1, 0, 1
慶応大, 11.013896393824258, 1, 0, 1
Jingku, 11.013896393824258, 1, 0, 1
ミトゥフォト, 11.013896393824258, 1, 0, 1
Echigo, 11.013896393824258, 1, 0, 1
都々逸, 11.013896393824258, 1, 0, 1
木の根, 11.013896393824258, 1, 0, 1
芸能花伝舎, 11.013896393824258, 1, 0, 1
岡八幡神社, 11.013896393824258, 1, 0, 1
yellowAoyamaGAIENMAEfall, 11.013896393824258, 1, 0, 1
西地区, 11.013896393824258, 1, 0, 1
世田谷区三宿, 11.013896393824258, 1, 0, 1
東郷小学校, 11.013896393824258, 1, 0, 1
harajukutreeautumncolours, 11.013896393824258, 1, 0, 1
樹枝, 11.013896393824258, 1, 0, 1
成願寺, 11.013896393824258, 1, 0, 1
paddingtonbear, 11.013896393824258, 1, 0, 1
キイロタワー, 11.013896393824258, 1, 0, 1
中野間, 11.013896393824258, 1, 0, 1
YoyogiyellowfallHARAJYUKU, 11.013896393824258, 1, 0, 1
Yelloooooooow, 11.013896393824258, 1, 0, 1
teamjp, 11.013896393824258, 1, 0, 1
クサ, 11.013896393824258, 1, 0, 1
IchouRomanGinkgo, 11.013896393824258, 1, 0, 1
刈穂, 11.013896393824258, 1, 0, 1
ichou, 11.013896393824258, 1, 0, 1
居木神社, 11.013896393824258, 1, 0, 1
谷中霊園, 11.013896393824258, 1, 0, 1
シンボルマーク, 11.013896393824258, 1, 0, 1
並木みな, 11.013896393824258, 1, 0, 1
踏, 11.013896393824258, 1, 0, 1
木漏れ日, 10.598858894545414, 2, 1, 3
autumnintokyo, 10.598858894545414, 2, 1, 3
目黒通り, 10.428933893103101, 3, 2, 5
色付く, 10.392408017077988, 12, 9, 21
並樹, 10.013896393824258, 1, 1, 2
立教大, 10.013896393824258, 1, 1, 2
東山公園, 10.013896393824258, 2, 2, 4
Aogaku, 10.013896393824258, 1, 1, 2
ひとひら, 10.013896393824258, 1, 1, 2
永保寺, 10.013896393824258, 1, 1, 2
日吉駅, 10.013896393824258, 1, 1, 2
豊川稲荷東京別院, 10.013896393824258, 1, 1, 2
大妻女子大学, 10.013896393824258, 1, 1, 2
100種, 10.013896393824258, 1, 1, 2
清瀬市役所, 10.013896393824258, 1, 1, 2
宮参り, 10.013896393824258, 1, 1, 2
赤坂氷川神社, 10.013896393824258, 1, 1, 2
光芒, 10.013896393824258, 1, 1, 2
庭木, 10.013896393824258, 1, 1, 2
ささがき, 10.013896393824258, 1, 1, 2
年季, 10.013896393824258, 1, 1, 2
tokyouniversity, 10.013896393824258, 1, 1, 2
Namiki, 10.013896393824258, 2, 2, 4
MapleLeafs, 10.013896393824258, 1, 1, 2
はらはら, 10.013896393824258, 2, 2, 4
Kokkaigijidōmae, 10.013896393824258, 1, 1, 2
炭家, 10.013896393824258, 1, 1, 2
大観, 10.013896393824258, 1, 1, 2
gaienmae, 10.013896393824258, 1, 1, 2
autumns, 10.013896393824258, 1, 1, 2
澄みわたる, 10.013896393824258, 1, 1, 2
柏の宮公園, 10.013896393824258, 1, 1, 2
街路灯, 10.013896393824258, 1, 1, 2
外苑, 9.79150397248781, 17, 20, 37
絨毯, 9.740877899417843, 23, 28, 51
illumina, 9.598858894545414, 2, 3, 5
柿の葉, 9.428933893103101, 1, 2, 3
一葉, 9.428933893103101, 1, 2, 3
ギンナン, 9.428933893103101, 1, 2, 3
薫る, 9.428933893103101, 1, 2, 3
切木Lee, 9.428933893103101, 1, 2, 3
外苑前, 9.389405528916464, 23, 36, 59
黄葉, 9.335824488711621, 9, 15, 24
大宮八幡宮, 9.276930799658052, 2, 4, 6
西日, 9.276930799658052, 2, 4, 6
戸山公園, 9.165899487269309, 4, 8, 12
成城学園, 9.013896393824258, 1, 3, 4
慶應義塾大学三田キャンパス, 9.013896393824258, 1, 3, 4
目黒区東山, 9.013896393824258, 1, 3, 4
Autumnleaves, 9.013896393824258, 1, 3, 4
食物繊維, 9.013896393824258, 1, 3, 4
黄金色, 9.013896393824258, 2, 5, 7
fallen, 9.013896393824258, 1, 3, 4
移り変わる, 9.013896393824258, 1, 3, 4
Icho, 9.013896393824258, 2, 5, 7
hibiyapark, 9.013896393824258, 1, 3, 4
オフィスビル, 9.013896393824258, 1, 3, 4
ハッパ, 9.013896393824258, 1, 3, 4
王子神社, 9.013896393824258, 1, 3, 4
autumnleaves, 9.013896393824258, 1, 3, 4
outsideisfree, 9.013896393824258, 1, 3, 4
南公園, 9.013896393824258, 1, 3, 4
utokyonews, 9.013896393824258, 1, 3, 4
昭和の森, 9.013896393824258, 1, 3, 4
色づく, 8.935893881822986, 8, 18, 26
Gaien, 8.926433552573918, 7, 16, 23
じゅうたん, 8.898419176404321, 5, 12, 17
明治神宮外苑, 8.800902670490059, 21, 50, 71
靖國神社, 8.79150397248781, 2, 6, 8
横網町公園, 8.79150397248781, 2, 6, 8
湯島聖堂, 8.79150397248781, 2, 6, 8
コントラスト, 8.724389776629273, 8, 21, 29
美樹, 8.691968298936896, 1, 4, 5
哲学堂公園, 8.691968298936896, 1, 4, 5
悪臭, 8.691968298936896, 1, 4, 5
港区芝公園, 8.691968298936896, 1, 4, 5
Colored, 8.691968298936896, 1, 4, 5
見頃, 8.611797950252912, 13, 36, 49
並木道, 8.598858894545414, 2, 7, 9
YELLOW, 8.428933893103101, 13, 41, 54
見飽きる, 8.428933893103101, 1, 5, 6
ひらひら, 8.428933893103101, 1, 5, 6
きらめく, 8.428933893103101, 1, 5, 6
遊歩道, 8.428933893103101, 1, 5, 6
落葉, 8.376466473208966, 8, 27, 35
散る, 8.313456675683167, 19, 64, 83
きいろい, 8.276930799658052, 2, 9, 11
枯れ葉, 8.206541471766654, 1, 6, 7
どしゃ降り, 8.206541471766654, 1, 6, 7
街路樹, 8.206541471766654, 1, 6, 7
紅葉momiji, 8.206541471766654, 1, 6, 7
晩秋, 8.10700579821574, 3, 14, 17
クサイ, 8.013896393824258, 1, 7, 8
ふかふか, 7.9264335525739185, 3, 16, 19
leaf, 7.898419176404322, 2, 12, 14
うつくしい, 7.843971392381945, 1, 8, 9
Yellow, 7.843971392381945, 1, 8, 9
秋色, 7.843971392381945, 1, 8, 9
WB, 7.843971392381945, 1, 8, 9
runner, 7.843971392381945, 1, 8, 9
松本楼, 7.843971392381945, 1, 8, 9
trees, 7.812262532654608, 4, 22, 26
氷結, 7.791503972487811, 2, 13, 15
好きな音楽, 7.791503972487811, 2, 13, 15
黄色, 7.744435718831031, 27, 134, 161
twilight, 7.691968298936896, 1, 9, 10
エチュード, 7.691968298936896, 1, 9, 10
羽鳥, 7.691968298936896, 1, 9, 10
カンパイ!!, 7.691968298936896, 1, 9, 10
uni, 7.691968298936896, 1, 9, 10
ようかん, 7.691968298936896, 1, 9, 10
Webstagram, 7.691968298936896, 1, 9, 10
壊せる, 7.691968298936896, 1, 9, 10
猿江恩賜公園, 7.691968298936896, 1, 9, 10
内閣総理大臣, 7.691968298936896, 1, 9, 10
水元公園, 7.691968298936896, 1, 9, 10
引き締まる, 7.691968298936896, 1, 9, 10
hall, 7.691968298936896, 1, 9, 10
東京五輪, 7.691968298936896, 1, 9, 10
abdrahman, 7.598858894545414, 2, 15, 17
変わり目, 7.554464775186961, 1, 10, 11
東工大, 7.554464775186961, 1, 10, 11
秋川, 7.554464775186961, 1, 10, 11
ホテル日航東京, 7.554464775186961, 1, 10, 11
写真家, 7.554464775186961, 1, 10, 11
くさす, 7.554464775186961, 1, 10, 11
信濃町, 7.554464775186961, 1, 10, 11
Falling, 7.554464775186961, 1, 10, 11
神田川, 7.554464775186961, 1, 10, 11
傷心, 7.554464775186961, 1, 10, 11
絶好, 7.5113960532950745, 2, 16, 18
葉っぱ, 7.483381677125478, 8, 51, 59
神宮, 7.4289338931031015, 3, 23, 26
不動尊, 7.4289338931031015, 1, 11, 12
落つ, 7.4289338931031015, 1, 11, 12
常緑樹, 7.313456675683166, 1, 12, 13
見とれる, 7.313456675683166, 1, 12, 13
北の丸公園, 7.313456675683166, 3, 25, 28
敷地内, 7.313456675683166, 1, 12, 13
光が丘公園, 7.276930799658052, 2, 19, 21
色合い, 7.206541471766655, 3, 27, 30
赤門, 7.206541471766655, 3, 27, 30
散歩道, 7.206541471766654, 1, 13, 14
街並み, 7.206541471766654, 1, 13, 14
枝, 7.139427275908117, 2, 21, 23
落ち葉, 7.124079311574681, 16, 125, 141
葉, 7.072448576179371, 21, 168, 189
yoyogi, 7.0138963938242584, 1, 15, 16
のぼり, 7.0138963938242584, 1, 15, 16
真っ盛り, 7.0138963938242584, 1, 15, 16
黄色い, 6.8600910577452225, 9, 88, 97
autumn, 6.843971392381945, 19, 179, 198
彩る, 6.843971392381945, 1, 17, 18
見納め, 6.843971392381945, 2, 26, 28
滑り込む, 6.765968880380672, 3, 37, 40
歓声, 6.765968880380672, 1, 18, 19
ムラ, 6.765968880380672, 1, 18, 19
芝公園, 6.750861987990464, 4, 47, 51
TGIF, 6.740877899417843, 2, 28, 30
日光, 6.740877899417843, 2, 28, 30
北欧, 6.740877899417843, 2, 28, 30
樹, 6.740877899417842, 5, 57, 62
Premium, 6.691968298936896, 1, 19, 20
高揚, 6.691968298936896, 1, 19, 20
水天宮, 6.691968298936896, 1, 19, 20
綾, 6.691968298936896, 1, 19, 20
皇居前広場, 6.691968298936896, 1, 19, 20
Diet, 6.64466258415854, 2, 30, 32
ゆるキャラ, 6.64466258415854, 2, 30, 32
真下, 6.621578971045498, 1, 20, 21
安納芋, 6.621578971045498, 1, 20, 21
くぐる, 6.621578971045498, 1, 20, 21
Jingu, 6.621578971045498, 1, 20, 21
造る, 6.621578971045498, 1, 20, 21
ハラハラ, 6.621578971045498, 1, 20, 21
busy, 6.621578971045498, 1, 20, 21
taxi, 6.621578971045498, 1, 20, 21
病棟, 6.621578971045498, 1, 20, 21
篇, 6.621578971045498, 1, 20, 21
さいたま, 6.621578971045498, 1, 20, 21
収める, 6.554464775186961, 1, 21, 22
すわー, 6.554464775186961, 1, 21, 22
チワワ, 6.554464775186961, 1, 21, 22
wanko, 6.554464775186961, 1, 21, 22
京成線, 6.554464775186961, 1, 21, 22
Kamiyacho, 6.554464775186961, 1, 21, 22
message, 6.554464775186961, 1, 21, 22
うてる, 6.554464775186961, 1, 21, 22
SUNNY, 6.554464775186961, 1, 21, 22
夜空, 6.55446477518696, 2, 32, 34
この道, 6.55446477518696, 2, 32, 34
映える, 6.55446477518696, 2, 32, 34
打ち合わせる, 6.511396053295075, 2, 33, 35
黄, 6.490334437767245, 1, 22, 23
colors, 6.490334437767245, 1, 22, 23
羽根, 6.490334437767245, 1, 22, 23
近隣, 6.490334437767245, 1, 22, 23
クライマックス, 6.490334437767245, 1, 22, 23
神代植物公園, 6.490334437767245, 1, 22, 23
駐車, 6.490334437767245, 1, 22, 23
美穂, 6.490334437767245, 1, 22, 23
ばった, 6.490334437767245, 1, 22, 23
稲荷, 6.490334437767245, 1, 22, 23
移住, 6.490334437767245, 1, 22, 23
駄菓子, 6.490334437767245, 1, 22, 23
Gakuin, 6.469575877600447, 2, 34, 36
日月, 6.469575877600447, 2, 34, 36
チーフ, 6.469575877600447, 2, 34, 36
青空, 6.4289338931031015, 8, 107, 115
fall, 6.4289338931031015, 3, 47, 50
客層, 6.4289338931031015, 1, 23, 24
股, 6.4289338931031015, 1, 23, 24
KUNI, 6.4289338931031015, 1, 23, 24
余地, 6.4289338931031015, 1, 23, 24
防衛, 6.4289338931031015, 1, 23, 24
うちわ, 6.4289338931031015, 1, 23, 24
人大杉, 6.4289338931031015, 1, 23, 24
もどき, 6.4289338931031015, 1, 23, 24
微笑む, 6.4289338931031015, 1, 23, 24
ほんのり, 6.4289338931031015, 1, 23, 24
architecture, 6.4289338931031015, 1, 23, 24
御苑, 6.4289338931031015, 1, 23, 24
もみじ, 6.39918654970905, 3, 48, 51
一面, 6.389405528916465, 2, 36, 38
音痴, 6.370040204049533, 1, 24, 25
アングル, 6.370040204049533, 1, 24, 25
深まる, 6.370040204049533, 1, 24, 25
hello, 6.370040204049533, 1, 24, 25
設立, 6.370040204049533, 1, 24, 25
111, 6.370040204049533, 1, 24, 25
軽音, 6.370040204049533, 1, 24, 25
街頭, 6.370040204049533, 1, 24, 25
駒場, 6.370040204049533, 1, 24, 25
自撮り棒, 6.370040204049533, 1, 24, 25
お日様, 6.370040204049533, 1, 24, 25
レンジ, 6.370040204049533, 1, 24, 25
ココナッツ, 6.370040204049533, 1, 24, 25
胃腸, 6.370040204049533, 1, 24, 25
青山学院大学, 6.350931381101828, 2, 37, 39
cycling, 6.313456675683166, 1, 25, 26
等々力, 6.313456675683166, 2, 38, 40
Rainy, 6.313456675683166, 1, 25, 26
ムー, 6.313456675683166, 1, 25, 26
おすぎ, 6.313456675683166, 1, 25, 26
三宿, 6.313456675683166, 1, 25, 26
くるー, 6.313456675683166, 1, 25, 26
まつり, 6.291430369353167, 4, 65, 69
紅葉, 6.267652986070042, 61, 831, 892
会食, 6.259008891660789, 1, 26, 27
剥く, 6.259008891660789, 1, 26, 27
照らす, 6.259008891660789, 3, 53, 56
來, 6.259008891660789, 1, 26, 27
旗, 6.259008891660789, 1, 26, 27
帝京, 6.259008891660789, 1, 26, 27
Shrine, 6.241306889927331, 5, 81, 86
park, 6.206541471766655, 4, 69, 73
黄金, 6.206541471766655, 3, 55, 58
奴隷, 6.206541471766654, 1, 27, 28
ウフィツィ美術館, 6.206541471766654, 1, 27, 28
Denenchōfu, 6.206541471766654, 1, 27, 28
トイプードル, 6.206541471766654, 1, 27, 28
開, 6.206541471766654, 1, 27, 28
がら, 6.206541471766654, 1, 27, 28
東山, 6.155915398696687, 1, 28, 29
日差し, 6.155915398696687, 1, 28, 29
鯉, 6.155915398696687, 1, 28, 29
唐辛子, 6.155915398696687, 1, 28, 29
礼, 6.155915398696687, 1, 28, 29
1630, 6.155915398696687, 1, 28, 29
人格, 6.155915398696687, 1, 28, 29
Hongo, 6.155915398696687, 1, 28, 29
良好, 6.155915398696687, 1, 28, 29
sun, 6.139427275908117, 2, 43, 45
Gyoen, 6.128538959765381, 8, 132, 140
御籤, 6.10700579821574, 1, 29, 30
思い返す, 6.10700579821574, 1, 29, 30
色紙, 6.10700579821574, 1, 29, 30
拝島, 6.10700579821574, 1, 29, 30
球場, 6.10700579821574, 1, 29, 30
道中, 6.10700579821574, 1, 29, 30
晴天, 6.087896975268035, 4, 75, 79
光が丘, 6.0752969384884015, 2, 45, 47
62, 6.059700083437383, 1, 30, 31
仲通り, 6.059700083437383, 1, 30, 31
停める, 6.059700083437383, 1, 30, 31
のぼる, 6.059700083437383, 1, 30, 31
立教大学, 6.0138963938242584, 1, 31, 32
LOTUS, 6.0138963938242584, 1, 31, 32
容赦, 6.0138963938242584, 1, 31, 32
オンラインショップ, 6.0138963938242584, 1, 31, 32
新発売, 6.0138963938242584, 1, 31, 32
金色, 5.984149050430206, 2, 48, 50
きれい, 5.972869125564203, 25, 427, 452
遠目, 5.969502274465805, 1, 32, 33
那, 5.969502274465805, 1, 32, 33
VOICE, 5.969502274465805, 1, 32, 33
貴女, 5.969502274465805, 1, 32, 33
鮮やか, 5.969502274465805, 1, 32, 33
覆う, 5.969502274465805, 1, 32, 33
HARAJUKU, 5.969502274465805, 1, 32, 33
SHIBA, 5.969502274465805, 1, 32, 33
一昨年, 5.969502274465805, 1, 32, 33
応じる, 5.969502274465805, 1, 32, 33
堪える, 5.969502274465805, 1, 32, 33
秋, 5.961575358694176, 21, 364, 385
RAIN, 5.9264335525739185, 4, 84, 88
大田黒公園, 5.9264335525739185, 1, 33, 34
たまう, 5.9264335525739185, 1, 33, 34
霞が関, 5.9264335525739185, 1, 33, 34
GI, 5.9264335525739185, 2, 50, 52
夕暮れ, 5.9264335525739185, 1, 33, 34
street, 5.9264335525739185, 2, 50, 52
だがしかし, 5.9264335525739185, 1, 33, 34
ジョギング, 5.884613376879292, 1, 34, 35
ジョージ, 5.884613376879292, 1, 34, 35
夕陽, 5.884613376879292, 1, 34, 35
煮付け, 5.884613376879292, 1, 34, 35
表慶館, 5.884613376879292, 1, 34, 35
モミジ, 5.876392870074323, 4, 87, 91
オーヴァル, 5.870938439982215, 2, 52, 54
leaves, 5.864149274319576, 3, 70, 73
東大, 5.857391908144267, 5, 106, 111
難民, 5.843971392381945, 1, 35, 36
Fall, 5.843971392381945, 1, 35, 36
ジョグ, 5.843971392381945, 1, 35, 36
両手, 5.843971392381945, 1, 35, 36
持ち歩く, 5.843971392381945, 1, 35, 36
駅伝, 5.843971392381945, 1, 35, 36
ブレイク, 5.843971392381945, 1, 35, 36
先ずは, 5.843971392381945, 1, 35, 36
フリマ, 5.843971392381945, 1, 35, 36
灯, 5.843971392381945, 1, 35, 36
イマソラ, 5.8306745697684885, 5, 108, 113
SUNDAY, 5.804443028195308, 1, 36, 37
ｱﾋｬ, 5.804443028195308, 1, 36, 37
ざく, 5.804443028195308, 1, 36, 37
のら, 5.804443028195308, 1, 36, 37
保養, 5.804443028195308, 1, 36, 37
極端, 5.804443028195308, 1, 36, 37
END, 5.804443028195308, 1, 36, 37
本郷キャンパス, 5.804443028195308, 1, 36, 37
りす, 5.804443028195308, 1, 36, 37
身内, 5.79150397248781, 2, 55, 57
run, 5.785077703328377, 3, 74, 77
雨上がり, 5.781235637033983, 4, 93, 97
キック, 5.765968880380672, 1, 37, 38
Autumn, 5.691968298936896, 3, 79, 82
観光客, 5.691968298936896, 1, 39, 40
狐, 5.691968298936896, 1, 39, 40
京王閣, 5.691968298936896, 2, 59, 61
薄手, 5.691968298936896, 1, 39, 40
日比谷公園, 5.663399146740125, 4, 101, 105
新宿御苑, 5.6602594392095575, 8, 183, 191
しっとり, 5.656344389206175, 1, 40, 41
東京大学, 5.656344389206175, 7, 163, 170
イエロー, 5.656344389206175, 1, 40, 41
temple, 5.656344389206175, 1, 40, 41
Nezu, 5.656344389206175, 1, 40, 41
グッと, 5.656344389206175, 1, 40, 41
winter, 5.6330746098833275, 5, 124, 129
おしまい, 5.621578971045499, 2, 62, 64
まみれ, 5.621578971045499, 2, 62, 64
dog, 5.621578971045499, 2, 62, 64
IK, 5.621578971045499, 2, 62, 64
つらたん, 5.621578971045499, 2, 62, 64
lovely, 5.621578971045498, 1, 41, 42
sky, 5.621578971045498, 4, 104, 108
ゾンビ, 5.621578971045498, 1, 41, 42
年代, 5.621578971045498, 1, 41, 42
Blue, 5.621578971045498, 1, 41, 42
ジュー, 5.621578971045498, 1, 41, 42
次男, 5.621578971045498, 1, 41, 42
博物館, 5.621578971045498, 1, 41, 42
明治神宮, 5.604505457686557, 3, 84, 87
CB, 5.5876316391221605, 1, 42, 43
November, 5.5876316391221605, 1, 42, 43
見方, 5.5876316391221605, 1, 42, 43
罪悪感, 5.5876316391221605, 1, 42, 43
まにあう, 5.5876316391221605, 1, 42, 43
堀, 5.5876316391221605, 1, 42, 43
ラン, 5.561769575810194, 8, 196, 204
メチャクチャ, 5.554464775186961, 1, 43, 44
2次, 5.554464775186961, 1, 43, 44
状, 5.554464775186961, 1, 43, 44
さんぽ, 5.554464775186961, 1, 43, 44
下見, 5.554464775186961, 2, 65, 67
wonderful, 5.554464775186961, 1, 43, 44
池, 5.538162962857861, 3, 88, 91
委員会, 5.522043297494584, 1, 44, 45
谷中, 5.522043297494584, 1, 44, 45
振り向く, 5.522043297494584, 1, 44, 45
ほっとく, 5.522043297494584, 1, 44, 45
December, 5.522043297494584, 1, 44, 45
中野坂上, 5.522043297494584, 1, 44, 45
枯れる, 5.522043297494584, 1, 44, 45
清々しい, 5.522043297494584, 1, 44, 45
丁, 5.522043297494584, 1, 44, 45
馬刺し, 5.490334437767245, 1, 45, 46
左側, 5.459307542146621, 1, 46, 47
工業大学, 5.459307542146621, 1, 46, 47
吃る, 5.459307542146621, 1, 46, 47
ずい, 5.459307542146621, 1, 46, 47
YASU, 5.459307542146621, 1, 46, 47
國, 5.459307542146621, 1, 46, 47
pa, 5.459307542146621, 1, 46, 47
散策, 5.428933893103102, 2, 71, 73
3歳, 5.4289338931031015, 1, 47, 48
鶴, 5.4289338931031015, 1, 47, 48
漂う, 5.4289338931031015, 1, 47, 48
裸視, 5.4289338931031015, 1, 47, 48
歩行者, 5.4289338931031015, 1, 47, 48
squaready, 5.4169612514370264, 4, 120, 124
脇, 5.409034335665397, 2, 72, 74
禿げる, 5.409034335665397, 2, 72, 74
昭和記念公園, 5.39918654970905, 1, 48, 49
長さ, 5.39918654970905, 1, 48, 49
共演, 5.370040204049533, 3, 99, 102
end, 5.370040204049533, 1, 49, 50
市, 5.370040204049533, 3, 99, 102
トンネル, 5.370040204049533, 1, 49, 50
ひろき, 5.370040204049533, 1, 49, 50
building, 5.370040204049533, 1, 49, 50
心地よい, 5.370040204049533, 1, 49, 50
炭水化物, 5.370040204049533, 1, 49, 50
宮益坂, 5.370040204049533, 1, 49, 50
Beautiful, 5.370040204049533, 1, 49, 50
エルメス, 5.370040204049533, 1, 49, 50
旦那さん, 5.341471051852762, 1, 50, 51
神谷町駅, 5.341471051852762, 1, 50, 51
低位, 5.341471051852762, 1, 50, 51
科, 5.332072353850513, 2, 76, 78
mi, 5.313456675683166, 1, 51, 52
甘み, 5.313456675683166, 1, 51, 52
一周, 5.313456675683166, 1, 51, 52
出店, 5.313456675683166, 2, 77, 79
気をつけ, 5.285975939261059, 1, 52, 53
Gymnasium, 5.285975939261059, 1, 52, 53
四季, 5.285975939261059, 1, 52, 53
Aoyama, 5.276930799658052, 2, 79, 81
キレイ, 5.2638746468326065, 10, 295, 305
寒波, 5.259008891660789, 1, 53, 54
Garden, 5.241306889927332, 2, 81, 83
西武線, 5.241306889927332, 2, 81, 83
きれいな, 5.2325366802995985, 1, 54, 55
video, 5.2325366802995985, 1, 54, 55
はしご, 5.2325366802995985, 1, 54, 55
すごす, 5.2325366802995985, 1, 54, 55
9割, 5.2325366802995985, 1, 54, 55
終, 5.2325366802995985, 1, 54, 55
VSCOcam, 5.2325366802995985, 1, 54, 55
明治大学, 5.223819463198489, 2, 82, 84
こころ, 5.223819463198489, 2, 82, 84
未だ, 5.206541471766654, 1, 55, 56
やっとこ, 5.206541471766654, 1, 55, 56
あきらめる, 5.206541471766654, 1, 55, 56
日和, 5.181006379659517, 3, 113, 116
あまい, 5.181006379659516, 1, 56, 57
骨折, 5.181006379659516, 1, 56, 57
ROPPONGI, 5.181006379659516, 1, 56, 57
Royal, 5.1725941398433175, 2, 85, 87
代々木公園, 5.155915398696687, 9, 289, 298
弾丸, 5.155915398696687, 1, 57, 58
BUDOKAN, 5.139427275908117, 2, 87, 89
シャッター, 5.131253344462417, 1, 58, 59
開催中, 5.131253344462417, 1, 58, 59
漏れる, 5.131253344462417, 1, 58, 59
狩り, 5.131253344462417, 1, 58, 59
踏む, 5.116655968249459, 4, 148, 152
3度, 5.10700579821574, 1, 59, 60
ランチタイム, 5.10700579821574, 1, 59, 60
yesterday, 5.10700579821574, 1, 59, 60
said, 5.10700579821574, 1, 59, 60
グラデーション, 5.10700579821574, 1, 59, 60
カム, 5.10700579821574, 1, 59, 60
蚤の市, 5.095033156549664, 3, 120, 123
サイド, 5.091064254346718, 2, 90, 92
beautiful, 5.087896975268035, 4, 151, 155
気分転換, 5.083159056261372, 1, 60, 61
ハロウィン, 5.083159056261372, 1, 60, 61
目線, 5.083159056261372, 1, 60, 61
きたない, 5.083159056261372, 1, 60, 61
満腹, 5.083159056261372, 1, 60, 61
染まる, 5.0752969384884015, 2, 91, 93
あちこち, 5.059700083437383, 1, 61, 62
いただき, 5.059700083437383, 2, 92, 94
巻き, 5.059700083437383, 1, 61, 62
学芸大学, 5.059700083437383, 1, 61, 62
意思, 5.059700083437383, 1, 61, 62
井の頭恩賜公園, 5.059700083437383, 1, 61, 62
目覚まし, 5.059700083437383, 1, 61, 62
あたる, 5.036616470324343, 3, 125, 128
関心, 5.036616470324342, 1, 62, 63
朝ご飯, 5.036616470324342, 1, 62, 63
被害, 5.036616470324342, 1, 62, 63
公, 5.036616470324342, 1, 62, 63
一般公開, 5.029003286214467, 2, 94, 96
ライトアップ, 5.019542956965401, 7, 254, 261
うに, 5.0138963938242584, 1, 63, 64
さる, 5.0138963938242584, 1, 63, 64
杉並, 5.0138963938242584, 2, 95, 97
大型, 5.0138963938242584, 1, 63, 64
到る, 5.0138963938242584, 1, 63, 64
Beer, 5.0026691384010045, 3, 128, 131
かれこれ, 4.991528580795804, 1, 64, 65
移る, 4.991528580795804, 1, 64, 65
通, 4.980473392286808, 3, 130, 133
白衣, 4.969502274465805, 1, 65, 66
晴れて, 4.969502274465805, 1, 65, 66
路, 4.969502274465805, 1, 65, 66
焼きそば, 4.969502274465804, 2, 98, 100
Zoo, 4.969502274465804, 2, 98, 100
快晴, 4.952120196237568, 4, 166, 170
栗, 4.9478072033664855, 1, 66, 67
ぜんぶ, 4.9478072033664855, 1, 66, 67
片手, 4.9478072033664855, 1, 66, 67
YUMMY, 4.940647411793619, 2, 100, 102
ファインダー, 4.940647411793619, 2, 100, 102
自衛隊, 4.9264335525739185, 1, 67, 68
学会, 4.9264335525739185, 1, 67, 68
京王電鉄, 4.9264335525739185, 1, 67, 68
いちご。, 4.9264335525739185, 1, 67, 68
竹ノ塚, 4.912358367362196, 2, 102, 104
Nippon, 4.912358367362196, 2, 102, 104
妊娠, 4.905371937046089, 1, 68, 69
多摩動物公園, 4.905371937046089, 1, 68, 69
とてつもない, 4.905371937046089, 1, 68, 69
University, 4.889775081995071, 7, 278, 285
KONAMI, 4.884613376879292, 1, 69, 70
迫力, 4.884613376879292, 1, 69, 70
児, 4.884613376879292, 1, 69, 70
ベンチ, 4.884613376879292, 1, 69, 70
割烹, 4.884613376879292, 1, 69, 70
学生時代, 4.864149274319576, 1, 70, 71
切り, 4.857391908144267, 2, 106, 108
2年前, 4.843971392381945, 1, 71, 72
いかに, 4.843971392381945, 1, 71, 72
松, 4.843971392381945, 1, 71, 72
ギャップ, 4.843971392381945, 1, 71, 72
乾, 4.843971392381945, 1, 71, 72
Tōkyō, 4.832566629109697, 13, 507, 520
tree, 4.830674569768488, 2, 108, 110
信号, 4.830674569768488, 2, 108, 110
同時, 4.824071834944241, 1, 72, 73
スポット, 4.824071834944241, 1, 72, 73
まじめ, 4.824071834944241, 1, 72, 73
脱ぐ, 4.824071834944241, 1, 72, 73
半日, 4.824071834944241, 1, 72, 73
綺麗, 4.819815523569552, 50, 1866, 1916
乾通り, 4.814224048987894, 3, 146, 149
1年前, 4.804443028195308, 1, 73, 74
曇る, 4.804443028195308, 2, 110, 112
眺める, 4.794727873362096, 3, 148, 151
保つ, 4.785077703328377, 1, 74, 75
丸ノ内, 4.785077703328377, 1, 74, 75
越し, 4.775491654499179, 3, 150, 153
見事, 4.765968880380673, 4, 189, 193
済ませる, 4.765968880380672, 1, 75, 76
24日, 4.765968880380672, 1, 75, 76
上の, 4.765968880380672, 1, 75, 76
SMILE, 4.765968880380672, 1, 75, 76
WEEKEND, 4.765968880380672, 1, 75, 76
皇居東御苑, 4.765968880380672, 1, 75, 76
木, 4.754845501908962, 16, 650, 666
建物, 4.75336884360104, 2, 114, 116
東海, 4.7471098531293565, 1, 76, 77
Sorry, 4.72849417496201, 1, 77, 78
蟹, 4.72849417496201, 1, 77, 78
引き続き, 4.72849417496201, 1, 77, 78
郎, 4.716215845183573, 2, 117, 119
筋, 4.710115645647155, 1, 78, 79
神社, 4.710115645647155, 1, 78, 79
coming, 4.710115645647155, 1, 78, 79
九, 4.691968298936896, 1, 79, 80
HILLS, 4.691968298936896, 1, 79, 80
Sunday, 4.691968298936896, 1, 79, 80
都立, 4.682979515709641, 3, 160, 163
Building, 4.67999565727082, 2, 120, 122
気持ち良い, 4.67999565727082, 2, 120, 122
SPORTS, 4.674046390939633, 1, 80, 81
殆ど, 4.674046390939633, 1, 80, 81
溶ける, 4.674046390939633, 1, 80, 81
撤収, 4.656344389206175, 1, 81, 82
撮影会, 4.656344389206175, 1, 81, 82
キタ—, 4.638856962477333, 1, 82, 83
絞る, 4.638856962477333, 1, 82, 83
レンズ, 4.638856962477333, 1, 82, 83
也, 4.638856962477333, 1, 82, 83
噴水, 4.638856962477333, 3, 165, 168
中学校, 4.638856962477333, 1, 82, 83
running, 4.638856962477333, 1, 82, 83
恒例, 4.628465356630738, 4, 208, 212
積もる, 4.621578971045498, 1, 83, 84
合間, 4.621578971045498, 1, 83, 84
路上, 4.621578971045498, 1, 83, 84
あっという間に, 4.621578971045498, 1, 83, 84
随分, 4.621578971045498, 1, 83, 84
instagood, 4.621578971045498, 1, 83, 84
平成, 4.621578971045498, 1, 83, 84
走れる, 4.621578971045498, 1, 83, 84
東中野, 4.604505457686557, 1, 84, 85
セーフ, 4.604505457686557, 1, 84, 85
閉まる, 4.5988588945454145, 2, 127, 129
55, 4.57095289797553, 1, 86, 87
苑, 4.57095289797553, 1, 86, 87
オラフ, 4.57095289797553, 1, 86, 87
ぱい, 4.57095289797553, 1, 86, 87
Hibiya, 4.565435893007964, 2, 130, 132
入口, 4.565435893007964, 2, 130, 132
車内, 4.5626852819919295, 3, 174, 177
包む, 4.554464775186961, 1, 87, 88
Co, 4.554464775186961, 1, 87, 88
スゴ, 4.554464775186961, 1, 87, 88
落ちる, 4.545861917012699, 18, 840, 858
おっきい, 4.538162962857861, 1, 88, 89
レポ, 4.538162962857861, 1, 88, 89
politan, 4.538162962857861, 1, 88, 89
タン, 4.538162962857861, 1, 88, 89
気がつく, 4.5327697040876425, 2, 133, 135
季節, 4.530813507122316, 10, 491, 501
恵まれる, 4.522043297494584, 1, 89, 90
いてる, 4.522043297494584, 1, 89, 90
GOLD, 4.522043297494584, 1, 89, 90
京成, 4.522043297494584, 1, 89, 90
ハンパない, 4.313456675683166, 1, 103, 104
散歩, 4.295908474472318, 10, 578, 588
景色, 4.292797205117074, 3, 210, 213
最高かよ, 4.095033156549664, 1, 120, 121
中央通り, 4.036616470324342, 1, 125, 126
高尾, 4.025211707052092, 1, 126, 127
明治神宮前, 3.980473392286808, 1, 130, 131
光る, 3.9695022744658046, 1, 131, 132
皇居, 3.9586139583230686, 7, 531, 538
風景, 3.843971392381946, 1, 143, 144
臭い, 3.816188235868408, 4, 366, 370
付近, 3.7331256236936556, 3, 310, 313
周辺, 3.7162158451835734, 2, 235, 237
くさい, 3.485116728496226, 2, 276, 278
明るい, 3.485116728496226, 2, 276, 278
自然, 3.482514933307946, 1, 184, 185
浅草寺, 3.4364675657885093, 1, 190, 191
早稲田大学, 3.428933893103102, 1, 191, 192
かんじる, 3.428933893103102, 2, 287, 289
西新宿, 3.2791867735984197, 1, 212, 213
溢れる, 3.206541471766654, 1, 223, 224
大量, 3.206541471766654, 1, 223, 224
写真, 2.962792052876252, 38, 5171, 5209
寄る, 2.7628085394873447, 2, 456, 458
だらけ, 2.6740463909396333, 1, 323, 324
匂い, 2.6651682395931804, 1, 325, 326
素晴らしい, 2.5726121218972207, 4, 868, 872
広場, 2.479917821821907, 2, 555, 557
ｰ, 2.428933893103102, 1, 383, 384
かん, 2.428933893103102, 1, 383, 384
御疲れ様, 2.4251817582419943, 1, 384, 385
太る, 2.4065660800746476, 1, 389, 390
住む, 2.4065660800746476, 2, 584, 586
日曜日, 2.4041020401231665, 2, 585, 587
oo, 2.4016422014353624, 2, 586, 588
悪意, 2.39918654970905, 1, 391, 392
流行る, 2.395510891565652, 1, 392, 393
NOW, 2.3918445743678824, 2, 590, 592
歩く, 2.391844574367882, 5, 1181, 1186
Ｏ, 2.391844574367882, 1, 393, 394
モデル, 2.3845397737446485, 1, 395, 396
来月, 2.3736514576019125, 1, 398, 399
東京タワー, 2.3736514576019125, 1, 398, 399
お土産, 2.3736514576019125, 1, 398, 399
半端, 2.3628447026453294, 1, 401, 402
時期, 2.360454155220335, 2, 603, 605
本気, 2.3556849110724634, 2, 605, 607
伝える, 2.348560476639082, 1, 405, 406
走る, 2.3471398019394547, 4, 1015, 1019
来店, 2.3438303247266847, 2, 610, 612
サービス, 2.3414710518527624, 1, 407, 408
後輩, 2.337939360882509, 1, 408, 409
記念, 2.337939360882509, 1, 408, 409
前, 2.3377189169916552, 31, 6544, 6575
萎える, 2.334416294318812, 1, 409, 410
LIKE, 2.3297322153959965, 2, 616, 618
素敵, 2.0755769918797284, 6, 1716, 1722
原宿駅, 1.9970881061377044, 1, 517, 518
Harajuku, 1.9804733922868079, 1, 523, 524
赤, 1.8174991810207548, 2, 879, 881
イルミネーション, 1.5585691735196976, 2, 1052, 1054
府中, 1.5422211794322136, 1, 709, 710
良い, 1.3225405916778619, 17, 7440, 7457
変える, 1.1205948629636946, 1, 950, 951
凄い, 1.0394818040187312, 2, 1508, 1510
すごい, 0.9915285807958036, 6, 3639, 3645
最高, 0.40619620568705855, 4, 3900, 3904
嬉しい, 0.38090119668130057, 3, 3175, 3178
見る, 0.37896436800860667, 14, 11925, 11939
みる, 0.329323081142187, 9, 8228, 8237
好き, 0.2159647256532798, 5, 5340, 5345
幸せ, -0.17901282528775447, 1, 2340, 2341
楽しみ, -0.19108223384550188, 2, 3540, 3542
行く, -0.1981656670623213, 13, 16605, 16618
