未婚男性, 13.36244635506184, 1, 0, 1
空哉, 13.36244635506184, 1, 0, 1
ほれぼれ, 13.36244635506184, 1, 0, 1
Парке, 13.36244635506184, 1, 0, 1
Синдзюку, 13.36244635506184, 1, 0, 1
シマトナウマ, 13.36244635506184, 1, 0, 1
文教大学, 13.36244635506184, 1, 0, 1
ゃんおめでとたまにうちがちょっかいだす, 13.36244635506184, 1, 0, 1
ゃぴきゃぴしててふざけんなって, 13.36244635506184, 1, 0, 1
シルエットクイズ, 13.36244635506184, 1, 0, 1
ちいちい, 13.36244635506184, 1, 0, 1
唐紅, 13.36244635506184, 1, 0, 1
這種, 13.36244635506184, 1, 0, 1
漸, 13.36244635506184, 1, 0, 1
點厲, 13.36244635506184, 1, 0, 1
柿色, 13.36244635506184, 1, 0, 1
北城, 13.36244635506184, 1, 0, 1
村角, 13.36244635506184, 1, 0, 1
ぁりがとです, 13.36244635506184, 1, 0, 1
ラメール, 13.36244635506184, 1, 0, 1
ﾊﾟｲｾﾝ, 13.36244635506184, 1, 0, 1
ｸﾘｽﾏｽﾊﾟｰﾘｨ, 13.36244635506184, 1, 0, 1
イメージプレイ, 13.36244635506184, 1, 0, 1
イメクラ, 13.36244635506184, 1, 0, 1
ナースセーラーメイド, 13.36244635506184, 1, 0, 1
インザスカイ, 13.36244635506184, 1, 0, 1
浜浦, 13.36244635506184, 1, 0, 1
ぃはお, 13.36244635506184, 1, 0, 1
着せ替え人形, 13.36244635506184, 1, 0, 1
ダイエット方法, 13.36244635506184, 1, 0, 1
bySE, 13.36244635506184, 1, 0, 1
204504, 13.36244635506184, 1, 0, 1
北海道新得町, 13.36244635506184, 1, 0, 1
お納め, 13.36244635506184, 1, 0, 1
ハラゴシラエ, 13.36244635506184, 1, 0, 1
無痛分娩, 13.36244635506184, 1, 0, 1
ランファ, 13.36244635506184, 1, 0, 1
水無, 13.36244635506184, 1, 0, 1
ampHOT, 13.36244635506184, 1, 0, 1
ウィジュン, 13.36244635506184, 1, 0, 1
淑, 12.36244635506184, 23, 1, 24
慣用, 12.36244635506184, 1, 1, 2
осень, 12.36244635506184, 1, 1, 2
Японская, 12.36244635506184, 1, 1, 2
女教師, 12.36244635506184, 1, 1, 2
CHELLY, 12.36244635506184, 1, 1, 2
博文, 12.36244635506184, 1, 1, 2
ぁはぁ, 12.36244635506184, 1, 1, 2
sakamobile, 12.36244635506184, 1, 1, 2
ramendb, 12.36244635506184, 1, 1, 2
ODOROKI, 12.36244635506184, 1, 1, 2
4670000, 12.36244635506184, 1, 1, 2
154cm, 12.36244635506184, 1, 1, 2
蘭花, 12.36244635506184, 1, 1, 2
MICHIKO, 12.36244635506184, 1, 1, 2
伶那, 12.36244635506184, 1, 1, 2
越中, 12.121438255558044, 10, 3, 13
SEL, 11.947408855782996, 2, 2, 4
ILCE, 11.947408855782996, 2, 2, 4
グルコサミン, 11.947408855782996, 2, 2, 4
梨緒, 11.777483854340684, 1, 2, 3
美的感覚, 11.777483854340684, 1, 2, 3
3333, 11.777483854340684, 1, 2, 3
太美, 11.777483854340684, 1, 2, 3
やぶく, 11.777483854340684, 1, 2, 3
カルティエ, 11.777483854340684, 1, 2, 3
ニューヘアー, 11.777483854340684, 1, 2, 3
U23, 11.777483854340684, 1, 2, 3
文才, 11.777483854340684, 1, 2, 3
Autumnleaves, 11.625480760895632, 2, 3, 5
哉, 11.487977237145698, 11, 11, 22
175cm, 11.36244635506184, 1, 3, 4
α, 11.36244635506184, 1, 3, 4
しらこばと, 11.36244635506184, 1, 3, 4
純真, 11.36244635506184, 1, 3, 4
杉森, 11.36244635506184, 1, 3, 4
火垂るの墓, 11.36244635506184, 1, 3, 4
だらーん, 11.36244635506184, 1, 3, 4
福谷, 11.36244635506184, 1, 3, 4
hibiyapark, 11.040518260174476, 1, 4, 5
チャイナドレス, 11.040518260174476, 1, 4, 5
DUSK, 11.040518260174476, 3, 7, 10
稲尾, 11.040518260174476, 1, 4, 5
自賛, 11.040518260174476, 1, 4, 5
後後, 11.040518260174476, 1, 4, 5
小梅, 11.040518260174476, 1, 4, 5
祈祷, 11.040518260174476, 1, 4, 5
晴美, 11.040518260174476, 1, 4, 5
38人, 11.040518260174476, 1, 4, 5
ぐるぐるぐる, 10.947408855782996, 2, 6, 8
桃香, 10.777483854340684, 1, 5, 6
マソ, 10.777483854340684, 1, 5, 6
もえぎ, 10.777483854340684, 1, 5, 6
幻想郷, 10.777483854340684, 1, 5, 6
狛犬, 10.777483854340684, 1, 5, 6
男子力, 10.777483854340684, 1, 5, 6
人集め, 10.777483854340684, 1, 5, 6
庭の湯, 10.777483854340684, 1, 5, 6
1018, 10.625480760895632, 2, 8, 10
Let's, 10.555091433004234, 1, 6, 7
かさなる, 10.555091433004234, 1, 6, 7
向, 10.555091433004234, 1, 6, 7
補佐, 10.36244635506184, 1, 7, 8
CELINE, 10.36244635506184, 1, 7, 8
化身, 10.36244635506184, 1, 7, 8
沒有, 10.36244635506184, 1, 7, 8
川本, 10.36244635506184, 1, 7, 8
地球温暖化, 10.36244635506184, 1, 7, 8
なぞなぞ, 10.36244635506184, 1, 7, 8
歯ぎしり, 10.36244635506184, 1, 7, 8
790円, 10.36244635506184, 1, 7, 8
声高, 10.36244635506184, 1, 7, 8
通史, 10.36244635506184, 1, 7, 8
山本美月, 10.192521353619528, 1, 8, 9
冰, 10.192521353619528, 1, 8, 9
神代植物公園, 10.192521353619528, 5, 22, 27
ブランド物, 10.192521353619528, 1, 8, 9
シクロクロス, 10.192521353619528, 1, 8, 9
洪水, 10.040518260174476, 1, 9, 10
内勤, 10.040518260174476, 1, 9, 10
差し支える, 10.040518260174476, 1, 9, 10
みりあ, 10.040518260174476, 1, 9, 10
什麼, 9.903014736424542, 1, 10, 11
プランタン, 9.903014736424542, 1, 10, 11
ブルガリ, 9.903014736424542, 1, 10, 11
ジャニオタ, 9.903014736424542, 1, 10, 11
封じ, 9.903014736424542, 1, 10, 11
ご利益, 9.903014736424542, 1, 10, 11
海老沢, 9.903014736424542, 1, 10, 11
空想, 9.777483854340684, 1, 11, 12
Rikyū, 9.777483854340684, 1, 11, 12
つわり, 9.777483854340684, 1, 11, 12
アニオタ, 9.777483854340684, 1, 11, 12
ちらっ, 9.777483854340684, 1, 11, 12
ぷがみて, 9.69948134233941, 2, 17, 19
妃, 9.662006636920747, 1, 12, 13
脆い, 9.662006636920747, 1, 12, 13
高3, 9.662006636920747, 1, 12, 13
ためす, 9.555091433004234, 1, 13, 14
授ける, 9.555091433004234, 1, 13, 14
ハスキーボイス, 9.555091433004234, 1, 13, 14
幸子, 9.555091433004234, 1, 13, 14
さがみ, 9.45555575945332, 1, 14, 15
ーッッッッッッッッッッッッッッ, 9.45555575945332, 1, 14, 15
360度, 9.45555575945332, 1, 14, 15
自画, 9.45555575945332, 1, 14, 15
巫女, 9.45555575945332, 1, 14, 15
浜崎, 9.45555575945332, 1, 14, 15
水準, 9.36244635506184, 1, 15, 16
蚕糸の森公園, 9.36244635506184, 1, 15, 16
神代, 9.36244635506184, 1, 15, 16
一等, 9.36244635506184, 1, 15, 16
コスチューム, 9.36244635506184, 1, 15, 16
しとやか, 9.36244635506184, 1, 15, 16
宝庫, 9.36244635506184, 1, 15, 16
蘭子, 9.36244635506184, 1, 15, 16
志村坂上, 9.36244635506184, 1, 15, 16
雑色, 9.2749835138115, 3, 31, 34
むりだわ, 9.2749835138115, 1, 16, 17
金目, 9.2749835138115, 1, 16, 17
ちんと, 9.2749835138115, 1, 16, 17
オフパコ, 9.2749835138115, 1, 16, 17
T-ARA, 9.2749835138115, 1, 16, 17
ズバリ, 9.192521353619528, 1, 17, 18
リカ, 9.192521353619528, 1, 17, 18
不平等, 9.192521353619528, 1, 17, 18
どっちもどっち, 9.192521353619528, 1, 17, 18
Note, 9.114518841618255, 1, 18, 19
キラリ, 9.114518841618255, 1, 18, 19
maple, 9.114518841618255, 1, 18, 19
強盗, 9.114518841618255, 1, 18, 19
お辞儀, 9.114518841618255, 1, 18, 19
精神年齢, 9.114518841618255, 1, 18, 19
ぁぼでやる, 9.114518841618255, 1, 18, 19
はえる, 9.114518841618255, 1, 18, 19
高身長, 9.040518260174476, 1, 19, 20
京急蒲田, 9.040518260174476, 1, 19, 20
絵師, 9.040518260174476, 1, 19, 20
ヴィトン, 9.040518260174476, 1, 19, 20
潜り込む, 9.040518260174476, 1, 19, 20
嫌悪, 9.040518260174476, 1, 19, 20
まんじゅう, 9.040518260174476, 2, 28, 30
菜月, 8.993212545396121, 2, 29, 31
としお, 8.993212545396121, 2, 29, 31
ブッキング, 8.970128932283078, 1, 20, 21
しじみ, 8.970128932283078, 1, 20, 21
技適, 8.970128932283078, 1, 20, 21
自惚れる, 8.970128932283078, 1, 20, 21
leaf, 8.903014736424542, 1, 21, 22
BROWNY, 8.903014736424542, 1, 21, 22
至って, 8.903014736424542, 1, 21, 22
Minecraft, 8.903014736424542, 1, 21, 22
いっかい, 8.903014736424542, 1, 21, 22
Fall, 8.807857503384202, 3, 44, 47
ぶーん, 8.777483854340684, 1, 23, 24
阿部真央, 8.777483854340684, 1, 23, 24
もちょー, 8.777483854340684, 1, 23, 24
開運, 8.777483854340684, 1, 23, 24
るみ, 8.74773651094663, 3, 46, 49
あいみ, 8.718590165287115, 1, 24, 25
台灣, 8.718590165287115, 1, 24, 25
きこえる, 8.718590165287115, 1, 24, 25
ICI石井スポーツ, 8.718590165287115, 1, 24, 25
バナ, 8.662006636920747, 1, 25, 26
YUNA, 8.662006636920747, 1, 25, 26
デリマイハウス, 8.607558852898372, 1, 26, 27
樂, 8.607558852898372, 1, 26, 27
HAMA, 8.607558852898372, 1, 26, 27
操る, 8.607558852898372, 1, 26, 27
失望, 8.607558852898372, 1, 26, 27
深大寺, 8.575849993171033, 4, 65, 69
模索, 8.555091433004234, 1, 27, 28
ぐみ, 8.555091433004234, 1, 27, 28
高級車, 8.555091433004234, 1, 27, 28
BURBERRY, 8.555091433004234, 1, 27, 28
ふうか, 8.555091433004234, 1, 27, 28
34歳, 8.555091433004234, 1, 27, 28
リント, 8.521144101080898, 2, 41, 43
Man, 8.504465359934267, 1, 28, 29
色づく, 8.504465359934267, 1, 28, 29
ひだ, 8.504465359934267, 1, 28, 29
シャネル, 8.504465359934267, 1, 28, 29
10点, 8.504465359934267, 1, 28, 29
衝突, 8.504465359934267, 1, 28, 29
ごめんね, 8.408250044674965, 1, 30, 31
ぴく, 8.408250044674965, 1, 30, 31
北風, 8.408250044674965, 1, 30, 31
爆破, 8.408250044674965, 1, 30, 31
越, 8.408250044674965, 1, 30, 31
隼人, 8.408250044674965, 1, 30, 31
rainy, 8.36244635506184, 1, 31, 32
利方, 8.36244635506184, 1, 31, 32
浜離宮恩賜庭園, 8.36244635506184, 1, 31, 32
スポッチャ, 8.36244635506184, 2, 46, 48
SIX, 8.318052235703385, 1, 32, 33
6000, 8.318052235703385, 3, 63, 66
あさる, 8.318052235703385, 1, 32, 33
ねえさん, 8.318052235703385, 1, 32, 33
参道, 8.318052235703385, 1, 32, 33
27歳, 8.2749835138115, 1, 33, 34
多感, 8.2749835138115, 1, 33, 34
法事, 8.2749835138115, 1, 33, 34
ムラムラ, 8.2749835138115, 1, 33, 34
隼, 8.233163338116873, 1, 34, 35
大田黒公園, 8.233163338116873, 1, 34, 35
加賀, 8.233163338116873, 1, 34, 35
佐久間, 8.233163338116873, 1, 34, 35
好き嫌い, 8.219488401219795, 2, 51, 53
RZ, 8.192521353619528, 1, 35, 36
女王, 8.152992989432889, 1, 36, 37
同居, 8.152992989432889, 1, 36, 37
連行, 8.152992989432889, 1, 36, 37
ぎっ, 8.114518841618255, 1, 37, 38
日陰, 8.114518841618255, 1, 37, 38
色っぽい, 8.114518841618255, 1, 37, 38
大通り, 8.114518841618255, 1, 37, 38
蛙, 8.114518841618255, 1, 37, 38
同伴, 8.114518841618255, 1, 37, 38
ともだち, 8.089427860655423, 2, 56, 58
28歳, 8.077044136199591, 1, 38, 39
墓参り, 8.077044136199591, 1, 38, 39
害, 8.077044136199591, 1, 38, 39
撫でる, 8.077044136199591, 1, 38, 39
ウォーク, 8.040518260174476, 1, 39, 40
2秒, 8.040518260174476, 1, 39, 40
聞かす, 8.040518260174476, 1, 39, 40
斉藤, 8.040518260174476, 1, 39, 40
起, 8.004894350443756, 1, 40, 41
短気, 8.004894350443756, 1, 40, 41
けいおん, 8.004894350443756, 1, 40, 41
臭う, 8.004894350443756, 1, 40, 41
思い付く, 7.970128932283079, 1, 41, 42
書道, 7.936181600359741, 1, 42, 43
HOLiDAYS, 7.936181600359741, 1, 42, 43
山田くん, 7.936181600359741, 1, 42, 43
来たす, 7.936181600359741, 1, 42, 43
200人, 7.936181600359741, 1, 42, 43
ともみ, 7.936181600359741, 1, 42, 43
衆, 7.936181600359741, 1, 42, 43
菅, 7.936181600359741, 1, 42, 43
來, 7.903014736424542, 1, 43, 44
ござ, 7.903014736424542, 1, 43, 44
デリマイ, 7.870593258732164, 1, 44, 45
山本彩, 7.870593258732164, 1, 44, 45
散らす, 7.870593258732164, 1, 44, 45
80人, 7.870593258732164, 1, 44, 45
派生, 7.870593258732164, 1, 44, 45
杏, 7.870593258732164, 1, 44, 45
哀愁, 7.838884399004827, 1, 45, 46
重力, 7.838884399004827, 1, 45, 46
炭団, 7.807857503384202, 1, 46, 47
近づける, 7.807857503384202, 1, 46, 47
MP, 7.807857503384202, 1, 46, 47
見納め, 7.777483854340683, 1, 47, 48
もみじ, 7.757584296902978, 2, 71, 73
糖, 7.747736510946631, 1, 48, 49
東方, 7.747736510946631, 1, 48, 49
玲奈, 7.7185901652871145, 1, 49, 50
人脈, 7.690021013090344, 1, 50, 51
交わす, 7.662006636920747, 1, 51, 52
ビジュアル, 7.662006636920747, 1, 51, 52
ぎゅー, 7.662006636920747, 1, 51, 52
植物, 7.63452590049864, 1, 52, 53
ちぎる, 7.63452590049864, 1, 52, 53
正式, 7.625480760895633, 2, 78, 80
手持ち, 7.607558852898371, 1, 53, 54
由来, 7.58108664153718, 1, 54, 55
コツコツ, 7.555091433004235, 1, 55, 56
ガールズバー, 7.555091433004235, 1, 55, 56
くつろぐ, 7.555091433004235, 1, 55, 56
Snow, 7.529556340897098, 1, 56, 57
叫び, 7.529556340897098, 1, 56, 57
HOT, 7.529556340897098, 1, 56, 57
足首, 7.504465359934267, 1, 57, 58
910, 7.504465359934267, 1, 57, 58
見頃, 7.504465359934267, 1, 57, 58
チキン南蛮, 7.45555575945332, 1, 59, 60
撒く, 7.431709017498953, 1, 60, 61
こーた, 7.431709017498953, 1, 60, 61
同性愛, 7.431709017498953, 1, 60, 61
サンタコス, 7.408250044674964, 1, 61, 62
芯, 7.385166431561923, 1, 62, 63
落ち着ける, 7.385166431561923, 1, 62, 63
腕時計, 7.385166431561923, 1, 62, 63
甘え, 7.385166431561923, 1, 62, 63
華金, 7.385166431561923, 1, 62, 63
乗っける, 7.362446355061839, 1, 63, 64
9人, 7.362446355061839, 1, 63, 64
BIRTH, 7.3400785420333845, 1, 64, 65
わいわい, 7.3400785420333845, 1, 64, 65
友情, 7.3400785420333845, 1, 64, 65
もか, 7.3180522357033855, 1, 65, 66
登山, 7.3180522357033855, 1, 65, 66
初詣, 7.3180522357033855, 1, 65, 66
ぬける, 7.296357164604067, 1, 66, 67
二次元, 7.296357164604067, 1, 66, 67
ドM, 7.296357164604067, 1, 66, 67
多摩川, 7.283495013667017, 4, 165, 169
装着, 7.2749835138115, 1, 67, 68
参拝, 7.25392189828367, 1, 68, 69
ねーさん, 7.2331633381168725, 1, 69, 70
はじ, 7.2331633381168725, 1, 69, 70
吃る, 7.2126992355571575, 1, 70, 71
引用, 7.2126992355571575, 1, 70, 71
整形外科, 7.2126992355571575, 1, 70, 71
開き直る, 7.2126992355571575, 1, 70, 71
藤井, 7.192521353619527, 1, 71, 72
Illumination, 7.192521353619527, 1, 71, 72
下値, 7.172621796181822, 1, 72, 73
動き出す, 7.172621796181822, 1, 72, 73
0000, 7.15299298943289, 1, 73, 74
健太, 7.15299298943289, 1, 73, 74
人少な, 7.133627664565958, 1, 74, 75
ぼか, 7.114518841618254, 1, 75, 76
幹部, 7.095659814366938, 1, 76, 77
父さん, 7.095659814366938, 1, 76, 77
遡る, 7.089427860655423, 2, 114, 116
無口, 7.089427860655423, 2, 114, 116
花束, 7.058665606884737, 1, 78, 79
8月, 7.058665606884737, 1, 78, 79
乳, 7.058665606884737, 1, 78, 79
park, 7.040518260174477, 2, 118, 120
モミジ, 7.040518260174477, 2, 118, 120
gelnail, 7.022596352177215, 1, 80, 81
鶴, 6.987406923714914, 1, 82, 83
2年間, 6.987406923714914, 1, 82, 83
つぼ, 6.970128932283079, 1, 83, 84
DELE, 6.970128932283079, 1, 83, 84
SAD, 6.953055418924137, 1, 84, 85
鶯谷, 6.936181600359741, 1, 85, 86
アパレル, 6.919502859213111, 1, 86, 87
sky, 6.911235243229511, 3, 172, 175
ブレ, 6.903014736424542, 1, 87, 88
大半, 6.903014736424542, 1, 87, 88
金玉, 6.870593258732164, 1, 89, 90
Garden, 6.859946014532656, 2, 134, 136
あらい, 6.8546517148631425, 1, 90, 91
貸し手, 6.8546517148631425, 1, 90, 91
がれ, 6.838884399004827, 1, 91, 92
すばる, 6.823287543953808, 1, 92, 93
お祭り, 6.823287543953808, 1, 92, 93
抱きしめる, 6.823287543953808, 1, 92, 93
終始, 6.807857503384202, 1, 93, 94
シャッター, 6.807857503384202, 1, 93, 94
かよう, 6.807857503384202, 1, 93, 94
ブーツ, 6.797661736278314, 2, 140, 142
21歳, 6.762533512874711, 1, 96, 97
東久留米, 6.747736510946631, 1, 97, 98
autumn, 6.736007218364524, 4, 243, 247
sunset, 6.733089734982229, 1, 98, 99
コーデ, 6.733089734982229, 1, 98, 99
塚田農場, 6.7185901652871145, 1, 99, 100
クリぼっち, 6.690021013090344, 1, 101, 102
雨降り, 6.675945827878621, 1, 102, 103
エース, 6.675945827878621, 1, 102, 103
交流, 6.662006636920747, 1, 103, 104
8人, 6.662006636920747, 1, 103, 104
同意, 6.648200837395716, 1, 104, 105
要求, 6.63452590049864, 1, 105, 106
医院, 6.63452590049864, 1, 105, 106
元旦, 6.63452590049864, 1, 105, 106
林, 6.625480760895633, 2, 158, 160
結ぶ, 6.620979368660692, 1, 106, 107
千駄ヶ谷, 6.620979368660692, 1, 106, 107
そっくり, 6.614253505472379, 3, 212, 215
ああ, 6.594262030284913, 1, 108, 109
ウエスト, 6.555091433004235, 1, 111, 112
ある時, 6.555091433004235, 1, 111, 112
PS, 6.555091433004235, 1, 111, 112
回答, 6.555091433004235, 1, 111, 112
かれこれ, 6.555091433004235, 1, 111, 112
合唱, 6.542267392646651, 1, 112, 113
診断, 6.542267392646651, 1, 112, 113
コンテンツ, 6.542267392646651, 1, 112, 113
長さ, 6.542267392646651, 1, 112, 113
代行, 6.516956304117464, 1, 114, 115
双子, 6.504465359934267, 2, 172, 174
RAIN, 6.479803305699998, 1, 117, 118
妊娠, 6.467628591753896, 1, 118, 119
製, 6.467628591753896, 1, 118, 119
Gero, 6.431709017498953, 1, 121, 122
プリンス, 6.419931849722599, 1, 122, 123
あみ, 6.416027395266683, 2, 183, 185
魔羅, 6.408250044674964, 1, 123, 124
宗教, 6.385166431561923, 1, 125, 126
全日本, 6.385166431561923, 1, 125, 126
特徴, 6.362446355061839, 1, 127, 128
歯科, 6.329023353524389, 1, 130, 131
コーン, 6.329023353524389, 1, 130, 131
料, 6.3180522357033855, 1, 131, 132
恐る, 6.30716391956065, 1, 132, 133
ベリー, 6.30716391956065, 1, 132, 133
選手権, 6.30716391956065, 1, 132, 133
日比谷公園, 6.296357164604067, 1, 133, 134
翔, 6.296357164604067, 2, 199, 201
受験生, 6.285630758011008, 1, 134, 135
50分, 6.285630758011008, 1, 134, 135
親戚, 6.2749835138115, 1, 135, 136
菜, 6.2749835138115, 1, 135, 136
だけど…, 6.25392189828367, 1, 137, 138
ぷー, 6.25392189828367, 1, 137, 138
道具, 6.2126992355571575, 1, 141, 142
はなす, 6.2126992355571575, 1, 141, 142
神社, 6.20257501828345, 1, 142, 143
世界一, 6.20257501828345, 1, 142, 143
温まる, 6.199216006193535, 2, 213, 215
麻布, 6.192521353619527, 1, 143, 144
縛る, 6.192521353619527, 1, 143, 144
White, 6.192521353619527, 1, 143, 144
17歳, 6.182537265046904, 1, 144, 145
合同, 6.182537265046904, 1, 144, 145
見習う, 6.172621796181822, 1, 145, 146
悪口, 6.162774010225474, 1, 146, 147
Takao, 6.143277834599678, 1, 148, 149
Egirls, 6.143277834599678, 1, 148, 149
囲む, 6.140053933725391, 2, 222, 224
味噌ラーメン, 6.133627664565958, 1, 149, 150
渡し, 6.114518841618254, 1, 151, 152
ウナ, 6.105058512369188, 1, 152, 153
寝顔, 6.105058512369188, 1, 152, 153
思いつく, 6.105058512369188, 1, 152, 153
売れ, 6.095659814366938, 1, 153, 154
いってん, 6.086321949787601, 1, 154, 155
銀行, 6.067825606170212, 1, 156, 157
科学, 6.067825606170212, 1, 156, 157
不細工, 6.067825606170212, 1, 156, 157
うらやむ, 6.058665606884737, 1, 157, 158
大好きだよ, 6.040518260174477, 1, 159, 160
メーカー, 6.022596352177215, 1, 161, 162
DAY, 6.004894350443756, 1, 163, 164
巻き込む, 6.004894350443756, 1, 163, 164
コン, 5.996124140816024, 1, 164, 165
なるべく, 5.970128932283079, 1, 167, 168
あな, 5.970128932283079, 1, 167, 168
姉妹, 5.9615669187796545, 1, 168, 169
真, 5.9615669187796545, 1, 168, 169
いかる, 5.9615669187796545, 1, 168, 169
つぎ, 5.9445938401759415, 1, 170, 171
パフォーマンス, 5.9445938401759415, 1, 170, 171
神化, 5.9445938401759415, 1, 170, 171
都立, 5.925041042754541, 2, 258, 260
魔, 5.919502859213111, 1, 173, 174
転ぶ, 5.911235243229511, 1, 174, 175
太, 5.886712924095441, 1, 177, 178
紅葉, 5.885240034696566, 10, 970, 980
可, 5.8786305777975825, 1, 178, 179
夢中, 5.862600467978634, 1, 180, 181
ころ, 5.838884399004827, 2, 274, 276
イラスト, 5.823287543953808, 1, 185, 186
久し振り, 5.777483854340683, 1, 191, 192
層, 5.762533512874711, 1, 193, 194
いとこ, 5.755116041312228, 1, 194, 195
聖, 5.755116041312228, 1, 194, 195
保育園, 5.755116041312228, 1, 194, 195
в, 5.747736510946631, 1, 195, 196
マネージャー, 5.740394535605463, 1, 196, 197
千円, 5.733089734982229, 1, 197, 198
下ネタ, 5.72582173451819, 1, 198, 199
背, 5.72582173451819, 1, 198, 199
すれ違う, 5.704234872310044, 1, 201, 202
おら, 5.704234872310044, 1, 201, 202
ご馳走, 5.704234872310044, 1, 201, 202
まるい, 5.690021013090344, 1, 203, 204
やさしい, 5.690021013090344, 1, 203, 204
園, 5.682966255556393, 1, 204, 205
奪う, 5.675945827878621, 1, 205, 206
動物, 5.668959397562514, 1, 206, 207
圧倒的, 5.662006636920747, 1, 207, 208
スピード, 5.655087222980956, 1, 208, 209
噴水, 5.641347166354654, 1, 210, 211
ペース, 5.641347166354654, 1, 210, 211
ぶん, 5.639069825643588, 2, 315, 317
ずる, 5.627736734836001, 1, 212, 213
牛乳, 5.614253505472379, 1, 214, 215
サイゼ, 5.614253505472379, 1, 214, 215
驚き, 5.60089512261736, 1, 216, 217
ふく, 5.594262030284913, 1, 217, 218
産まれる, 5.587659295460666, 1, 218, 219
どんなに, 5.574543795670408, 1, 220, 221
ストレート, 5.548665163844802, 1, 224, 225
貴方, 5.535897867770924, 1, 226, 227
西友, 5.535897867770924, 1, 226, 227
分ける, 5.529556340897098, 1, 227, 228
恋人, 5.529556340897098, 1, 227, 228
歓迎, 5.504465359934267, 1, 231, 232
スキル, 5.498260210407559, 1, 232, 233
北海道, 5.496197743950667, 5, 695, 700
詐欺, 5.492081635478435, 1, 233, 234
でぶ, 5.492081635478435, 1, 233, 234
年越し, 5.4859294084968395, 1, 234, 235
盗む, 5.4859294084968395, 1, 234, 235
尻, 5.479803305699998, 1, 235, 236
赤ちゃん, 5.45555575945332, 2, 358, 360
まてる, 5.45555575945332, 1, 239, 240
かえって, 5.425808416059269, 1, 244, 245
光る, 5.419931849722599, 1, 245, 246
より, 5.419931849722599, 1, 245, 246
祝う, 5.416027395266683, 2, 368, 370
p, 5.416027395266683, 2, 368, 370
能力, 5.414079123477162, 1, 246, 247
ぴ, 5.414079123477162, 1, 246, 247
ドヤ顔, 5.414079123477162, 1, 246, 247
就職, 5.408250044674964, 1, 247, 248
AV, 5.408250044674964, 1, 247, 248
風景, 5.402444422993758, 1, 248, 249
勤務, 5.385166431561923, 1, 251, 252
呼び方, 5.379452780367529, 3, 503, 506
トラック, 5.373761668289673, 1, 253, 254
漢字, 5.373761668289673, 2, 379, 381
コスプレ, 5.373761668289673, 1, 253, 254
特急, 5.362446355061839, 1, 255, 256
流れ星, 5.358694220200731, 2, 383, 385
単純, 5.356821805867961, 1, 256, 257
2100, 5.356821805867961, 1, 256, 257
参考, 5.351219099638585, 1, 257, 258
引っ越す, 5.345638067375285, 1, 258, 259
とんでも, 5.345638067375285, 1, 258, 259
おじいちゃん, 5.345638067375285, 1, 258, 259
ボーリング, 5.323527365769537, 1, 262, 263
Dior, 5.323527365769537, 1, 262, 263
ニヤニヤ, 5.3125978056112775, 1, 264, 265
きん, 5.296357164604067, 1, 267, 268
女子力, 5.296357164604067, 1, 267, 268
是, 5.269689214141987, 1, 272, 273
素手, 5.269689214141987, 1, 272, 273
第一印象, 5.266170444005191, 5, 816, 821
はん, 5.2644142721013125, 1, 273, 274
共感, 5.2644142721013125, 1, 273, 274
愛してる, 5.2644142721013125, 1, 273, 274
リボン, 5.259158546649817, 1, 274, 275
バージョン, 5.259158546649817, 1, 274, 275
伸ばす, 5.259158546649817, 1, 274, 275
ちゃーん, 5.25392189828367, 1, 275, 276
暴れる, 5.248704189012651, 1, 276, 277
恋しい, 5.243505282338332, 1, 277, 278
葉, 5.243505282338332, 1, 277, 278
わい, 5.238325043232652, 1, 278, 279
ピアス, 5.2331633381168725, 1, 279, 280
自撮り, 5.222895002663045, 1, 281, 282
乗り, 5.222895002663045, 1, 281, 282
タグ, 5.197539428386151, 1, 286, 287
CP, 5.192521353619527, 1, 287, 288
1200, 5.192521353619527, 1, 287, 288
こんど, 5.162774010225474, 2, 439, 441
ショート, 5.162774010225474, 1, 293, 294
外れる, 5.15299298943289, 1, 295, 296
身長, 5.146508955862691, 2, 444, 446
了, 5.138444680863734, 1, 298, 299
ライフ, 5.133627664565958, 1, 299, 300
文字, 5.133627664565958, 2, 448, 450
モンスター, 5.128826678302137, 1, 300, 301
兄貴, 5.12404161573676, 1, 301, 302
宜しく, 5.1097809226115904, 1, 304, 305
あんた, 5.090983327157464, 1, 308, 309
巻く, 5.090983327157464, 1, 308, 309
歯, 5.0816755849312365, 1, 310, 311
通知, 5.0816755849312365, 1, 310, 311
写る, 5.077044136199591, 1, 311, 312
お姉さん, 5.072427508129221, 1, 312, 313
用意, 5.058665606884737, 3, 629, 632
BLUE, 5.04503374129697, 1, 318, 319
載る, 5.04503374129697, 1, 318, 319
メンツ, 5.04503374129697, 1, 318, 319
程度, 5.043527010046815, 2, 477, 479
ケータイ, 5.036016867939536, 1, 320, 321
ずーっと, 5.027056000367915, 1, 322, 323
自然, 5.009299529563757, 1, 326, 327
秋, 5.004894350443756, 2, 490, 492
NAIL, 4.978742062587787, 1, 333, 334
それぞれ, 4.974429069716704, 1, 334, 335
兄, 4.957304891925495, 1, 338, 339
挨拶, 4.947408855782995, 2, 510, 512
自体, 4.936181600359741, 1, 343, 344
悔しい, 4.919502859213111, 2, 520, 522
ホルモン, 4.919502859213111, 1, 347, 348
画, 4.907119134757278, 1, 350, 351
お幸せ, 4.903014736424542, 1, 351, 352
1800, 4.903014736424542, 1, 351, 352
筋肉痛, 4.903014736424542, 1, 351, 352
公明党, 4.898921981790659, 1, 352, 353
お茶, 4.862600467978634, 2, 541, 543
叩く, 4.858620617066088, 1, 362, 363
男の子, 4.858620617066088, 1, 362, 363
のり, 4.8546517148631425, 1, 363, 364
思い, 4.8520118329904385, 2, 545, 547
がっつり, 4.8506937012944595, 1, 364, 365
トップ, 4.8428101022186265, 1, 366, 367
神様, 4.841500347211838, 2, 549, 551
恋, 4.838884399004827, 2, 550, 552
恒例, 4.838884399004827, 1, 367, 368
集合, 4.8155518951742025, 2, 559, 561
印象, 4.811699569678596, 5, 1120, 1125
アカウント, 4.810417743702766, 2, 561, 563
今宵, 4.788799167568517, 1, 380, 381
触る, 4.781245773136882, 1, 382, 383
白, 4.7799907099512575, 2, 573, 575
元, 4.773731719479575, 1, 384, 385
あい, 4.766256598917429, 1, 386, 387
写メ, 4.76439385490024, 3, 772, 775
使用, 4.755116041312228, 1, 389, 390
おばさん, 4.747736510946631, 1, 391, 392
スペシャル, 4.744060852803233, 1, 392, 393
歩, 4.744060852803233, 1, 392, 393
小金井市, 4.740394535605463, 1, 393, 394
お父さん, 4.733089734982229, 1, 395, 396
仲, 4.729451157918882, 1, 396, 397
何故か, 4.711394663882911, 1, 401, 402
新潟, 4.693561370795592, 1, 406, 407
えな, 4.692380285964266, 2, 609, 611
ライトアップ, 4.690021013090344, 1, 407, 408
まとめる, 4.690021013090344, 1, 407, 408
祈る, 4.690021013090344, 1, 407, 408
E, 4.679451771380156, 1, 410, 411
CLUB, 4.665478828827552, 1, 414, 415
シリーズ, 4.655087222980956, 1, 417, 418
キレ, 4.655087222980956, 1, 417, 418
あや, 4.648200837395716, 1, 419, 420
高位, 4.627736734836001, 1, 425, 426
がんばれる, 4.623228309164254, 2, 639, 641
スーツ, 4.617612517562294, 1, 428, 429
際, 4.614253505472379, 1, 429, 430
勘弁, 4.614253505472379, 1, 429, 430
打ち合わせ, 4.594262030284913, 1, 435, 436
にも, 4.587659295460666, 1, 437, 438
御疲れ様, 4.583274200774944, 2, 657, 659
自宅, 4.58108664153718, 1, 439, 440
何故, 4.58108664153718, 1, 439, 440
頑張り, 4.577811509504318, 1, 440, 441
仲良し, 4.577811509504318, 1, 440, 441
努力, 4.558315333878522, 1, 446, 447
スタイル, 4.557239899582812, 2, 669, 671
自転車, 4.555091433004235, 2, 670, 672
マフラー, 4.551874720320692, 1, 448, 449
しん, 4.542267392646651, 1, 451, 452
参戦, 4.531667087492905, 2, 681, 683
素直, 4.529556340897098, 1, 455, 456
クラッカー, 4.5263960000037695, 1, 456, 457
大量, 4.5200960116480315, 1, 458, 459
コート, 4.512259517416065, 3, 920, 923
公園, 4.510697313645782, 3, 921, 924
わる, 4.507577971801603, 1, 462, 463
2月, 4.501359449066445, 1, 464, 465
かわく, 4.495167615352178, 1, 466, 467
おきる, 4.492081635478435, 1, 467, 468
爆睡, 4.4859294084968395, 1, 469, 470
向ける, 4.46157954708109, 2, 715, 717
紅白, 4.449557018831878, 1, 481, 482
ださい, 4.449557018831878, 1, 481, 482
夜中, 4.446566976226066, 1, 482, 483
ツアー, 4.446566976226066, 1, 482, 483
リア充, 4.434668392979497, 1, 486, 487
大盛り, 4.428755700109606, 1, 488, 489
渡す, 4.411161640094868, 1, 494, 495
クリスマスプレゼント, 4.411161640094868, 1, 494, 495
SS, 4.4005143958953585, 2, 746, 748
ダイエット, 4.388031765256312, 1, 502, 503
ファボ, 4.376035419809794, 4, 1264, 1268
せっかく, 4.37565621227945, 2, 759, 761
デート, 4.366208273858038, 2, 764, 766
憧れる, 4.3652668741242175, 1, 510, 511
特別, 4.362446355061839, 1, 511, 512
靴, 4.351219099638585, 1, 515, 516
待機, 4.351219099638585, 1, 515, 516
味噌, 4.345638067375285, 1, 517, 518
首, 4.345638067375285, 1, 517, 518
5時, 4.345638067375285, 1, 517, 518
身, 4.329023353524389, 1, 523, 524
一年, 4.320787203424625, 1, 526, 527
広い, 4.3180522357033855, 1, 527, 528
明るい, 4.3180522357033855, 1, 527, 528
緑, 4.3125978056112775, 1, 529, 530
質問, 4.304454632302663, 1, 532, 533
急, 4.296357164604067, 2, 802, 804
社長, 4.290983992505215, 1, 537, 538
喧嘩, 4.282961571235024, 1, 540, 541
頭の中, 4.2749835138115, 1, 543, 544
P, 4.267049332269282, 1, 546, 547
たった, 4.261784016056641, 1, 548, 549
目標, 4.256537846490682, 1, 550, 551
おじさん, 4.25392189828367, 2, 826, 828
意外, 4.235741882218649, 1, 558, 559
10時, 4.2177881122299565, 1, 565, 566
表す, 4.207628246009735, 1, 569, 570
有馬線, 4.207628246009735, 2, 853, 855
短い, 4.20257501828345, 1, 571, 572
RH, 4.20257501828345, 1, 571, 572
漫画, 4.1950282092301014, 1, 574, 575
来月, 4.192521353619527, 1, 575, 576
確実, 4.190018846416357, 1, 576, 577
だらけ, 4.190018846416357, 1, 576, 577
家出, 4.185026817072602, 1, 578, 579
毎年, 4.182537265046904, 1, 579, 580
性格, 4.182537265046904, 1, 579, 580
回る, 4.180052001657311, 1, 580, 581
ママ, 4.177571012153555, 2, 871, 873
試験, 4.175094281861343, 1, 582, 583
六本木ヒルズ, 4.162774010225474, 1, 587, 588
わず, 4.160322531231379, 1, 588, 589
2015, 4.148127234261073, 1, 593, 594
小学校, 4.140859233797034, 1, 596, 597
借りる, 4.140859233797034, 1, 596, 597
NO, 4.131225174350654, 1, 600, 601
可能性, 4.131225174350654, 1, 600, 601
完璧, 4.131225174350654, 1, 600, 601
うんこ, 4.126432163161755, 1, 602, 603
すっ, 4.119272371588888, 2, 907, 909
グループ, 4.116893648806157, 1, 606, 607
温泉, 4.093319675912421, 1, 616, 617
酔う, 4.090983327157464, 1, 617, 618
全力, 4.083996896841358, 1, 620, 621
推す, 4.083996896841358, 1, 620, 621
影響, 4.0816755849312365, 1, 621, 622
鶏, 4.0816755849312365, 1, 621, 622
好きな人, 4.0816755849312365, 1, 621, 622
四, 4.0816755849312365, 1, 621, 622
ちん, 4.0793580020378375, 1, 622, 623
D, 4.072427508129221, 1, 625, 626
お誕生日おめでとう, 4.0701247222598, 1, 626, 627
LAST, 4.067825606170212, 1, 627, 628
過ぎ, 4.056384665633498, 1, 632, 633
たのしい, 4.052970001220733, 3, 1266, 1269
ついてる, 4.051833573402311, 1, 634, 635
必ず, 4.047296792805539, 1, 636, 637
鼻, 4.036016867939536, 1, 641, 642
見つかる, 4.027056000367915, 1, 645, 646
さま, 4.022596352177215, 1, 647, 648
掃除, 4.013718200830762, 1, 651, 652
なす, 4.013718200830762, 1, 651, 652
サイズ, 4.0005025813265975, 1, 657, 658
焦り, 3.9961241408160233, 1, 659, 660
以来, 3.9939398935541477, 1, 660, 661
ハマる, 3.9917589482546214, 1, 661, 662
調べる, 3.974429069716704, 1, 669, 670
心配, 3.970128932283079, 3, 1341, 1344
喜ぶ, 3.970128932283079, 1, 671, 672
太る, 3.970128932283079, 1, 671, 672
一言, 3.9608557060263365, 5, 2024, 2029
弱い, 3.9424861772139503, 1, 684, 685
流石, 3.940381588889027, 1, 685, 686
新宿西口, 3.940381588889027, 1, 685, 686
点, 3.940381588889027, 1, 685, 686
関係, 3.9396807411507413, 5, 2054, 2059
真面目, 3.9361816003597414, 1, 687, 688
all, 3.9299044546735806, 1, 690, 691
くう, 3.919502859213111, 1, 695, 696
あんま, 3.9112352432295103, 1, 699, 700
そりゃ, 3.9071191347572785, 1, 701, 702
スタバ, 3.903014736424542, 1, 703, 704
B, 3.8948408049788417, 1, 707, 708
描く, 3.8948408049788417, 1, 707, 708
モデル, 3.888740605442424, 1, 710, 711
改めて, 3.8705932587321645, 1, 719, 720
or, 3.8705932587321645, 1, 719, 720
離れる, 3.866591328174668, 1, 721, 722
羨ましい, 3.8652598144291237, 2, 1082, 1084
1000, 3.8606091701595426, 1, 724, 725
捨てる, 3.848718759109402, 1, 730, 731
絵, 3.8447769669280274, 1, 732, 733
照れ顔, 3.8388843990048263, 1, 735, 736
コース, 3.834969349001443, 1, 737, 738
クラブ, 3.831064894545527, 1, 739, 740
ひどい, 3.831064894545527, 1, 739, 740
出演, 3.8116995696785962, 1, 749, 750
会意, 3.802750612951113, 2, 1130, 1132
きれい, 3.8021135208493977, 1, 754, 755
マック, 3.8002039308407665, 1, 755, 756
ちょい, 3.783130417481825, 1, 764, 765
夏, 3.7812457731368823, 1, 765, 766
カップル, 3.7756065671000125, 1, 768, 769
美しい, 3.771859305146805, 1, 770, 771
出勤, 3.7625335128747115, 2, 1162, 1164
花, 3.7440608528032326, 1, 785, 786
ネタ, 3.742226529554353, 1, 786, 787
思い出, 3.740394535605463, 2, 1180, 1182
迎える, 3.7276353048901214, 1, 794, 795
お母さん, 3.714987928606919, 1, 801, 802
小さい, 3.714987928606919, 1, 801, 802
明後日, 3.6900210130903437, 1, 815, 816
痩せる, 3.6794517713801564, 1, 821, 822
機会, 3.6602736696962914, 1, 832, 833
平日, 3.649919354622016, 1, 838, 839
似合う, 3.6396388238922928, 1, 844, 845
スタッフ, 3.6396388238922928, 1, 844, 845
馬鹿, 3.6362281957296405, 1, 846, 847
まさか, 3.6294310333758766, 1, 850, 851
wwwwww, 3.627736734836001, 1, 851, 852
い, 3.6192949609493392, 1, 856, 857
おかげ, 3.6176125175622937, 1, 857, 858
雰囲気, 3.589307148342148, 1, 874, 875
いいね, 3.5884829866282812, 3, 1748, 1751
邪魔, 3.5843692255264807, 1, 877, 878
交換, 3.571283466506821, 2, 1327, 1329
内容, 3.5615464551415346, 1, 891, 892
過ごす, 3.5599299899406165, 1, 892, 893
入り, 3.5583153338785216, 1, 893, 894
トー, 3.5570249088900825, 4, 2233, 2237
番, 3.553482180142578, 1, 896, 897
あんまり, 3.5486651638448024, 1, 899, 900
おかしい, 3.546529419500811, 2, 1350, 1352
選ぶ, 3.543864177580981, 1, 902, 903
嫌, 3.5366925221787264, 3, 1812, 1815
理由, 3.5327236199757808, 1, 909, 910
全員, 3.527975305077617, 1, 912, 913
空, 3.5232425669648952, 1, 915, 916
ディズニー, 3.5211441010808975, 2, 1374, 1376
HAPPY, 3.520096011648031, 1, 917, 918
返す, 3.520096011648031, 1, 917, 918
ちゃん, 3.5191982549041336, 27, 12833, 12860
挙手, 3.512259517416065, 1, 922, 923
すい, 3.507577971801603, 1, 925, 926
打つ, 3.495167615352177, 1, 933, 934
日曜日, 3.4859294084968395, 1, 939, 940
生, 3.4828631054490558, 1, 941, 942
検索, 3.4782758359534043, 1, 944, 945
希望, 3.4661139511518972, 1, 952, 953
道, 3.4540537342880886, 1, 960, 961
ワイン, 3.4435831177872447, 1, 967, 968
C, 3.4287557001096056, 1, 977, 978
年末, 3.4209096166464295, 2, 1473, 1475
流れる, 3.4184664407181007, 1, 984, 985
名前, 3.405344313499553, 4, 2481, 2485
彼氏, 3.403893639630828, 3, 1987, 1990
拍手, 3.398105487269421, 1, 998, 999
残る, 3.3766044180584984, 1, 1013, 1014
高校, 3.3671502882832076, 2, 1529, 1531
ごはん, 3.358225888743644, 1, 1026, 1027
wwwww, 3.3540177329912586, 1, 1029, 1030
紹介, 3.348425884746905, 1, 1033, 1034
クラス, 3.348425884746905, 1, 1033, 1034
上手い, 3.345638067375285, 1, 1035, 1036
下さる, 3.339286070142605, 6, 3636, 3642
音符, 3.338692001762422, 1, 1040, 1041
いや, 3.3359229125420735, 1, 1042, 1043
いたい, 3.333159128093594, 1, 1044, 1045
3人, 3.333159128093594, 1, 1044, 1045
ReTweet, 3.331779218814898, 11, 6265, 6276
すき, 3.3290233535243887, 1, 1047, 1048
おもしろい, 3.3207872034246244, 1, 1053, 1054
本気, 3.318052235703386, 1, 1055, 1056
親, 3.316686693679156, 1, 1056, 1057
たん, 3.3144136586400377, 2, 1586, 1588
恥ずかしい, 3.313959481069503, 1, 1058, 1059
かえる, 3.3098783042576856, 1, 1061, 1062
遊び, 3.30716391956065, 2, 1594, 1596
ござる, 3.30716391956065, 1, 1063, 1064
優しい, 3.3044546323026633, 3, 2129, 2132
人気, 3.303101894237414, 1, 1066, 1067
頼む, 3.3026512632667386, 2, 1599, 1601
授業, 3.2865215854804295, 2, 1617, 1619
とこ, 3.286012473859482, 6, 3773, 3779
ついに, 3.260470684112608, 1, 1098, 1099
泣く, 3.2596832584362483, 4, 2745, 2749
身体, 3.246102393824371, 1, 1109, 1110
仕方, 3.2357418822186492, 1, 1117, 1118
うるさい, 3.2331633381168725, 1, 1119, 1120
む, 3.2305893944530464, 1, 1121, 1122
呑む, 3.229304142661238, 1, 1122, 1123
駅前, 3.2267370689574397, 1, 1124, 1125
部活, 3.2165142092413235, 1, 1132, 1133
こ, 3.2088943233537273, 1, 1138, 1139
ぼし, 3.2063632787731575, 1, 1140, 1141
沢山, 3.203836666847361, 1, 1142, 1143
ちょ, 3.20257501828345, 3, 2285, 2288
LT, 3.201314472077533, 1, 1144, 1145
大人, 3.188769218758419, 1, 1154, 1155
家族, 3.1788109735886207, 1, 1162, 1163
大きい, 3.173857509354491, 1, 1166, 1167
今月, 3.1652296619517872, 1, 1173, 1174
杉並区, 3.1646153570496423, 3, 2346, 2349
幸せ, 3.1617228662511865, 6, 4113, 4119
見つける, 3.155432034884307, 1, 1181, 1182
かう, 3.139651452193728, 1, 1194, 1195
続ける, 3.1336276645659584, 1, 1199, 1200
体, 3.1288266783021372, 2, 1804, 1806
動く, 3.1252363943068175, 1, 1206, 1207
勝手, 3.118082519941329, 1, 1212, 1213
っぽい, 3.1168936488061574, 2, 1819, 1821
会える, 3.100939045859784, 3, 2452, 2455
LIVE, 3.0987859153536577, 2, 1842, 1844
イケメン, 3.096831308577382, 1, 1230, 1231
移動, 3.094489270659, 1, 1232, 1233
さむい, 3.0933196759124213, 1, 1233, 1234
遊ぶ, 3.0921510285897993, 5, 3700, 3705
もつ, 3.0878740694003426, 2, 1856, 1858
会場, 3.0839968968413576, 1, 1241, 1242
嘘, 3.079358002037837, 1, 1245, 1246
風呂, 3.0747339755123897, 2, 1873, 1875
２, 3.0730037793735074, 3, 2500, 2503
たち, 3.068591571168767, 2, 1881, 1883
びっくり, 3.058665606884736, 1, 1263, 1264
お金, 3.0556251525646854, 2, 1898, 1900
星, 3.0480519328598845, 2, 1908, 1910
最後, 3.0398743436090503, 6, 4476, 4482
相手, 3.0348937109805987, 1, 1284, 1285
OK, 3.032650016841137, 1, 1286, 1287
ラーメン, 3.032489886418542, 6, 4499, 4505
一手, 3.0292910047512227, 2, 1933, 1935
嬉し涙, 3.0292910047512227, 3, 2577, 2580
強い, 3.0225963521772146, 3, 2589, 2592
いっぱい, 3.017595671118848, 3, 2598, 2601
為, 3.0126122636045922, 1, 1304, 1305
物, 3.010402929266406, 1, 1306, 1307
Japan, 2.9950316038150113, 1, 1320, 1321
携帯, 2.9906697107239153, 1, 1324, 1325
ぃ, 2.9895812949492515, 1, 1325, 1326
まま, 2.9852358246732873, 1, 1329, 1330
全部, 2.961033476347662, 3, 2702, 2705
面白い, 2.9594343314868423, 6, 4733, 4739
予定, 2.9492415658092552, 4, 3405, 3409
覚える, 2.9488184260376666, 2, 2044, 2046
もらえる, 2.9236545024835783, 1, 1387, 1388
ねる, 2.909175721051216, 1, 1401, 1402
GT, 2.9040397418253066, 1, 1406, 1407
多分, 2.9016491944003127, 2, 2112, 2114
とても, 2.9002849436689697, 2, 2114, 2116
可愛い, 2.8992626015634344, 11, 8459, 8470
レベル, 2.8989219817906586, 1, 1411, 1412
テンション, 2.8968799502524405, 1, 1413, 1414
決まる, 2.892804537822323, 1, 1417, 1418
ふる, 2.8806469233960876, 2, 2143, 2145
皆さん, 2.8725983946225413, 1, 1437, 1438
大学, 2.8556429172661932, 1, 1454, 1455
ﾟﾉ, 2.8556429172661932, 1, 1454, 1455
泣き顔, 2.845761405752229, 3, 2927, 2930
増える, 2.845761405752229, 1, 1464, 1465
tweet, 2.841500347211838, 2, 2202, 2204
だめ, 2.8369255459667695, 1, 1473, 1474
並ぶ, 2.8291166227560054, 1, 1481, 1482
ケーキ, 2.8281434726072088, 1, 1482, 1483
届く, 2.821349739712315, 1, 1489, 1490
ーーー, 2.8129825355620692, 2, 2246, 2248
ビール, 2.8116995696785962, 1, 1499, 1500
言える, 2.803069264535156, 1, 1508, 1509
カフェ, 2.80147670996248, 2, 2264, 2266
思い出す, 2.799250082845102, 1, 1512, 1513
Starbucks, 2.7982968650761078, 1, 1513, 1514
画像, 2.7925907467308915, 2, 2278, 2280
元気, 2.7887991675685173, 3, 3045, 3048
六本木, 2.7812457731368823, 1, 1531, 1532
働く, 2.7803043734030615, 1, 1532, 1533
ファ, 2.779990709951258, 2, 2298, 2300
結局, 2.7774838543406832, 2, 2302, 2304
他人, 2.7727952085470537, 1, 1540, 1541
見れる, 2.7671888736128034, 1, 1546, 1547
素晴らしい, 2.761604240674538, 1, 1552, 1553
嫌い, 2.7551160413122284, 1, 1559, 1560
昔, 2.7532676169198598, 1, 1561, 1562
個, 2.752344292062175, 1, 1562, 1563
達, 2.7486568905892588, 1, 1566, 1567
呼ぶ, 2.748350032129974, 2, 2349, 2351
お腹, 2.741615606385838, 2, 2360, 2362
当たる, 2.740394535605463, 1, 1575, 1576
冬, 2.7355205612369917, 2, 2370, 2372
マジで, 2.730359942226657, 1, 1586, 1587
限定, 2.7294511579188816, 1, 1587, 1588
撮影, 2.7222014188394934, 1, 1595, 1596
すぐ, 2.721598915159453, 2, 2393, 2395
行ける, 2.7212977576506066, 3, 3191, 3194
気づく, 2.717688762545582, 1, 1600, 1601
Coffee, 2.710497744338393, 1, 1608, 1609
綺麗, 2.706468492574897, 3, 3224, 3227
所, 2.691790105943399, 1, 1629, 1630
す, 2.6776977346402138, 1, 1645, 1646
会う, 2.677447331959573, 6, 5756, 5762
髪, 2.6698308533672592, 1, 1654, 1655
始める, 2.667218063566089, 2, 2485, 2487
泣, 2.663741688291495, 1, 1661, 1662
会, 2.65767811569924, 3, 3335, 3338
高い, 2.6550872229809563, 2, 2506, 2508
完全, 2.6362281957296405, 1, 1693, 1694
感謝, 2.6209793686606924, 1, 1711, 1712
３, 2.6159320339233756, 1, 1717, 1718
LINE, 2.6095639887887474, 4, 4310, 4314
こう, 2.601726407596216, 1, 1734, 1735
プレゼント, 2.594262030284913, 1, 1743, 1744
誕生日, 2.590544274364123, 3, 3494, 3497
練習, 2.5761767274133733, 1, 1765, 1766
カラオケ, 2.565595559794679, 1, 1778, 1779
分, 2.5623553674368442, 1, 1782, 1783
先輩, 2.5620856796071236, 2, 2673, 2675
忘れる, 2.547703687607357, 4, 4499, 4503
本当, 2.5470630592483006, 2, 2701, 2703
2014年, 2.5422673926466515, 2, 2710, 2712
取る, 2.541469662440598, 1, 1808, 1809
以外, 2.5366925221787264, 1, 1814, 1815
休み, 2.529029136418039, 2, 2735, 2737
他, 2.521668431466785, 1, 1833, 1834
O, 2.5185253037728046, 1, 1837, 1838
子, 2.5180021142690148, 2, 2756, 2758
すごい, 2.508245834651685, 6, 6473, 6479
かわいい, 2.4914652308371887, 4, 4678, 4682
上, 2.48235268795182, 2, 2825, 2827
友達, 2.4790393686734697, 3, 3775, 3778
はず, 2.476749981722444, 1, 1891, 1892
気分, 2.4744642220033852, 1, 1894, 1895
イルミネーション, 2.4729423916503634, 1, 1896, 1897
wwww, 2.4691448242012757, 1, 1901, 1902
つらい, 2.4578117333936884, 1, 1916, 1917
T, 2.457560895343698, 2, 2874, 2876
探す, 2.4570593500437083, 1, 1917, 1918
手, 2.4565579790426977, 2, 2876, 2878
ロー, 2.4548045513963124, 1, 1920, 1921
かける, 2.452553271291797, 2, 2884, 2886
今度, 2.4480612229063965, 3, 3857, 3860
違う, 2.4406054179873493, 3, 3877, 3880
たくさん, 2.437633851456058, 2, 2914, 2916
ぁ, 2.4280183144350356, 1, 1956, 1957
場所, 2.425808416059269, 1, 1959, 1960
上がる, 2.4162711143382807, 1, 1972, 1973
笑顔, 2.406360653831046, 9, 9924, 9933
日本, 2.405707210002759, 3, 3972, 3975
味, 2.403893639630828, 1, 1989, 1990
近く, 2.403893639630828, 1, 1989, 1990
あたし, 2.3973835983172114, 1, 1998, 1999
曲, 2.3923404644496586, 1, 2005, 2006
昨日, 2.39144175698841, 7, 8022, 8029
口, 2.3909028011110673, 1, 2007, 2008
世界, 2.385166431561923, 1, 2015, 2016
ゆっくり, 2.379452780367529, 1, 2023, 2024
間に合う, 2.3702160900959512, 1, 2036, 2037
好き, 2.3657374972048517, 8, 9187, 9195
よる, 2.357523676492794, 1, 2054, 2055
さん, 2.3509395346651516, 29, 30937, 30966
車, 2.3414664161576275, 1, 2077, 2078
大好き, 2.3153224429478136, 3, 4229, 4232
向かう, 2.2802973137079676, 1, 2167, 2168
今週, 2.271010968738232, 1, 2181, 2182
楽しむ, 2.2556653366117208, 2, 3306, 3308
頃, 2.2376788192393655, 1, 2232, 2233
ヶ月, 2.2335927755484972, 2, 3357, 3359
外, 2.2216165842888387, 1, 2257, 2258
男, 2.2171510201282416, 1, 2264, 2265
死ぬ, 2.1915824046499117, 3, 4608, 4611
遅い, 2.189393897287724, 1, 2308, 2309
12月, 2.1856498769142405, 1, 2314, 2315
帰宅, 2.1850268170726026, 1, 2315, 2316
とく, 2.1808799471841307, 2, 3482, 3484
嬉しい, 2.180548711953451, 4, 5804, 5808
これから, 2.1701535405910723, 7, 9353, 9360
もの, 2.1701535405910723, 4, 5846, 5850
お待ち, 2.1683051161987037, 1, 2342, 2343
是非, 2.1597103118116716, 1, 2356, 2357
お前, 2.1595062963915637, 2, 3534, 3536
いつも, 2.146670702041557, 4, 5942, 5946
ご飯, 2.1414635039800625, 1, 2386, 2387
おれ, 2.138042647966918, 2, 3587, 3589
読む, 2.1210589910629025, 1, 2420, 2421
頭, 2.1062376665344527, 2, 3667, 3669
楽しみ, 2.0812117704148196, 4, 6218, 6222
いう, 2.0810958400808035, 7, 9949, 9956
麺, 2.0799370488210025, 1, 2490, 2491
撮る, 2.0799370488210025, 1, 2490, 2491
わたし, 2.0787791875703383, 1, 2492, 2493
久々, 2.0758885934538815, 3, 4993, 4996
夢, 2.0712756557399787, 1, 2505, 2506
心, 2.0707000742279, 1, 2506, 2507
大田区, 2.066964381366472, 3, 5024, 5027
TT, 2.0626659522032993, 1, 2520, 2521
ハート, 2.0386409729338064, 8, 11527, 11535
少し, 2.024081370363803, 2, 3882, 3884
がんばる, 2.0067282073589015, 2, 3929, 3931
映画, 2.0059943848400845, 1, 2621, 2622
ため, 2.001965019405084, 2, 3942, 3944
雪, 1.9994067248053249, 1, 2633, 2634
凄い, 1.9988591085372622, 1, 2634, 2635
そろそろ, 1.9961241408160233, 1, 2639, 2640
顔, 1.9935761736377147, 2, 3965, 3967
うい, 1.983067987990577, 2, 3994, 3996
クリスマス, 1.983067987990577, 2, 3994, 3996
回, 1.9798223284869227, 1, 2669, 2670
感じる, 1.9760449314210615, 1, 2676, 2677
結構, 1.9749674892194602, 1, 2678, 2679
ちる, 1.971202765634397, 1, 2685, 2686
そ, 1.9498765082566298, 3, 5449, 5452
笑笑, 1.9445938401759413, 4, 6836, 6840
だー, 1.943012804356461, 1, 2738, 2739
教える, 1.9283394264518845, 1, 2766, 2767
参加, 1.9262553595804222, 1, 2770, 2771
しよう, 1.9252144540223606, 1, 2772, 2773
先生, 1.9112352432295103, 1, 2799, 2800
よろしく, 1.8989219817906589, 3, 5645, 5648
辛い, 1.8984112028719267, 1, 2824, 2825
ずっと, 1.8922959197874802, 1, 2836, 2837
今回, 1.8922959197874802, 1, 2836, 2837
八王子市, 1.8912792213374476, 1, 2838, 2839
様, 1.8611067370004422, 1, 2898, 2899
普通, 1.857130998925602, 1, 2906, 2907
尾羽, 1.8428101022186265, 1, 2935, 2936
本店, 1.8330158009156883, 1, 2955, 2956
学校, 1.8261991393737111, 2, 4453, 4455
以上, 1.8232875439538077, 1, 2975, 2976
素敵, 1.8194145348066013, 1, 2983, 2984
勉強, 1.8123409100051786, 2, 4496, 4498
JAPAN, 1.8049826534640152, 1, 3013, 3014
風, 1.7869071082273087, 1, 3051, 3052
すぎ, 1.7740440249339586, 2, 4617, 4619
今, 1.771027900403502, 8, 13878, 13886
わら, 1.7699893177937587, 1, 3087, 3088
やっぱり, 1.767499765768061, 2, 4638, 4640
最近, 1.748104592346992, 4, 7834, 7838
とりあえず, 1.7468167180937417, 2, 4705, 4707
とき, 1.743449152543533, 2, 4716, 4718
夜, 1.7379554901540457, 2, 4734, 4736
でる, 1.7358247027034683, 3, 6321, 6324
今年, 1.7303599422266571, 3, 6345, 6348
よろしくお願いします, 1.714987928606919, 1, 3207, 3208
見える, 1.7091534096790244, 1, 3220, 3221
A, 1.6984435921753382, 1, 3244, 3245
ww, 1.6854314985061167, 4, 8182, 8186
amp, 1.6851671637496641, 1, 3274, 3275
もっと, 1.6820868315481263, 1, 3281, 3282
話す, 1.6816473204888585, 1, 3282, 3283
起きる, 1.6736132565687307, 2, 4950, 4952
ちゃんと, 1.6594079660754224, 1, 3333, 3334
的, 1.6573900088503772, 2, 5006, 5008
最高, 1.6497044279861042, 3, 6710, 6713
どー, 1.6482008373957167, 1, 3359, 3360
いただく, 1.6298549190968308, 1, 3402, 3403
目, 1.6044313965665677, 3, 6924, 6927
2, 1.5977820629884931, 3, 6956, 6959
くん, 1.5926085114323991, 2, 5236, 5238
次, 1.589307148342148, 1, 3499, 3500
すぎる, 1.5882582969394343, 10, 19254, 19264
やっと, 1.585191039869916, 1, 3509, 3510
久しぶり, 1.5805402696159025, 2, 5280, 5282
屋, 1.5575086830099312, 1, 3577, 3578
フォロー, 1.5356330802064682, 2, 5447, 5449
ちゃう, 1.5291609194773579, 5, 10942, 10947
つける, 1.525212654722752, 1, 3658, 3659
ある, 1.5241090741546546, 19, 36599, 36618
欲しい, 1.514345090660926, 2, 5528, 5530
やっぱ, 1.510307026874596, 1, 3696, 3697
ﾉ, 1.498260210407559, 2, 5590, 5592
聞く, 1.4813323943867427, 2, 5656, 5658
来る, 1.478428510173441, 9, 18889, 18898
眠い, 1.4581880722613212, 1, 3832, 3833
全然, 1.4514289472648536, 1, 3850, 3851
gtlt, 1.445074275584998, 1, 3867, 3868
誰, 1.4383761694764947, 1, 3885, 3886
くださる, 1.4331879464248662, 4, 9746, 9750
待つ, 1.407159709537371, 1, 3970, 3971
くれる, 1.3938695531364034, 7, 16024, 16031
みる, 1.3933682446747104, 6, 14026, 14032
暇, 1.3656198270411806, 1, 4086, 4087
もらう, 1.364796404515976, 2, 6132, 6134
寒い, 1.3496821622553428, 4, 10327, 10331
ω, 1.3454988178176377, 9, 20713, 20722
東京, 1.3434348594739702, 5, 12446, 12451
ところ, 1.3300561861953157, 1, 4188, 4189
みんな, 1.3298839960607332, 3, 8376, 8379
そう, 1.3272723580279155, 10, 23074, 23084
なる, 1.3219779389171857, 22, 48422, 48444
やめる, 1.3132784826896695, 1, 4237, 4238
られる, 1.3058086399486386, 3, 8517, 8520
家, 1.3035526660082706, 2, 6398, 6400
過ぎる, 1.2836284050998605, 1, 4325, 4326
方, 1.2759120170648266, 4, 10869, 10873
バイト, 1.2721133566889349, 2, 6539, 6541
よく, 1.2591585466498174, 1, 4399, 4400
僕, 1.258830698667293, 1, 4400, 4401
ちょっと, 1.2539218982836702, 2, 6622, 6624
来年, 1.243505282338332, 1, 4447, 4448
持つ, 1.2428567343207169, 1, 4449, 4450
一, 1.2383250432326516, 3, 8925, 8928
できる, 1.236479456386498, 6, 15638, 15644
誰か, 1.232841343909334, 1, 4480, 4481
それ, 1.2214340455347656, 6, 15802, 15808
め, 1.211112635770185, 1, 4548, 4549
ら, 1.2079446611970743, 1, 4558, 4559
せる, 1.2074700644361005, 3, 9118, 9121
早い, 1.1970682417157317, 3, 9184, 9187
まじ, 1.1931476592689936, 1, 4605, 4606
朝, 1.1891856410562704, 2, 6926, 6928
どう, 1.1650248645859966, 2, 7043, 7045
大丈夫, 1.1542119967220508, 1, 4731, 4732
3, 1.1393496647141448, 1, 4780, 4781
Station, 1.1387462790755338, 1, 4782, 4783
新宿, 1.106827605222243, 2, 7333, 7335
楽しい, 1.0988250345131085, 4, 12289, 12293
1, 1.096831308577382, 2, 7384, 7386
多い, 1.080226659389252, 1, 4980, 4981
てる, 1.055261360870477, 35, 91188, 91223
中, 1.0543348972931048, 4, 12674, 12678
使う, 1.0419278304291482, 1, 5114, 5115
前回, 1.0385471726645437, 1, 5126, 5127
なに, 1.0382658084430982, 1, 5127, 5128
帰る, 1.025047452535096, 4, 12934, 12938
うち, 0.998585378332307, 1, 5270, 5271
こと, 0.9930671197580867, 9, 26447, 26456
出来る, 0.9690558976178527, 1, 5379, 5380
れる, 0.9380377797302988, 12, 35718, 35730
ﾟ, 0.9297304787866181, 2, 8291, 8293
本当に, 0.9286001466190148, 1, 5532, 5533
よい, 0.9214474545215272, 3, 11118, 11121
笑, 0.9059097720790523, 30, 87091, 87121
まだ, 0.9019904587522026, 2, 8452, 8454
きた, 0.9001997208174879, 1, 5642, 5643
確認, 0.8623514053900327, 1, 5792, 5793
おる, 0.8494590456428206, 1, 5844, 5845
俺, 0.8189311389096718, 5, 17905, 17910
やる, 0.8118598780337682, 8, 26989, 26997
頑張る, 0.7765449053710679, 3, 12293, 12296
事, 0.7760756599478745, 1, 6149, 6150
さ, 0.7756065671000125, 2, 9226, 9228
感じ, 0.774668838733629, 1, 6155, 6156
わかる, 0.7534215618638131, 2, 9369, 9371
明日, 0.7160676555184036, 4, 16024, 16028
く, 0.7066175236210385, 2, 9678, 9680
私, 0.7053512501734494, 3, 12915, 12918
やばい, 0.6912001672556087, 2, 9782, 9784
あと, 0.6878126932945732, 2, 9805, 9807
WWW, 0.6757999316312507, 2, 9887, 9889
寝る, 0.6723392250117748, 3, 13214, 13217
する, 0.6687031871796835, 50, 168892, 168942
ない, 0.6594697848238363, 13, 46661, 46674
言う, 0.6507793814974929, 5, 20119, 20124
やつ, 0.6443416419400819, 1, 6737, 6738
見る, 0.608393987532915, 5, 20719, 20724
もう, 0.580471987672501, 3, 14083, 14086
気, 0.5631647335399171, 2, 10690, 10692
思う, 0.5606802664064331, 6, 24985, 24991
今日, 0.548155210281474, 10, 39604, 39614
一緒, 0.49208163547843475, 1, 7487, 7488
前, 0.47421047210546796, 2, 11370, 11372
人, 0.4509295288121332, 5, 23109, 23114
ん, 0.4482481126068831, 13, 54020, 54033
買う, 0.43738649696923054, 2, 11664, 11666
飲む, 0.42783402689044175, 1, 7828, 7829
食べる, 0.39726331860219855, 2, 11993, 11995
の, 0.3744171904702307, 12, 52796, 52808
ー, 0.37198778998812876, 13, 56953, 56966
日, 0.31822301937223135, 1, 8446, 8447
いく, 0.28663297760038503, 2, 12949, 12951
いい, 0.2860761029878089, 5, 25907, 25912
写真, 0.28162882745351203, 1, 8663, 8664
タッチ, 0.19330427817387405, 1, 9210, 9211
みたい, 0.1851825568083711, 1, 9262, 9263
時間, 0.14358044499216396, 1, 9533, 9534
w, 0.1090209205238341, 6, 34172, 34178
行く, 0.10402754246300702, 5, 29392, 29397
時, 0.06457478423737448, 2, 15104, 15106
自分, 0.014824986493704754, 1, 10423, 10424
くる, -0.05707498018467712, 5, 32865, 32870
これ, -0.07729797154494283, 2, 16665, 16667
よう, -0.10948283257985134, 1, 11361, 11362
店, -0.12332007330179474, 7, 45879, 45886
Tokyo, -0.1420002440877414, 1, 11620, 11621
終わる, -0.2368853878944536, 1, 12410, 12411
港区, -0.28636059466393066, 1, 12843, 12844
良い, -0.2950954046415391, 1, 12921, 12922
いる, -0.3284792015598529, 7, 52891, 52898
何, -0.37775603370606065, 1, 13683, 13684
o, -0.7615941584115888, 1, 17854, 17855
千代田区, -1.268730700642139, 1, 25375, 25376
東京都, -1.8126743152131148, 7, 147981, 147988
AT, -1.8461690537122422, 4, 94661, 94665
in, -1.9079219804454577, 7, 158081, 158088
Im, -2.055959719470515, 4, 109478, 109482
