梅, 8.360506562669894, 2, 0, 2
まつり, 8.360506562669894, 2, 0, 2
しだれ, 8.360506562669894, 2, 0, 2
散乱, 8.360506562669894, 2, 0, 2
錯乱, 8.360506562669894, 2, 0, 2
ナプキン, 8.360506562669894, 2, 0, 2
寝ぼけ, 8.360506562669894, 2, 0, 2
断水, 8.360506562669894, 2, 0, 2
咲く, 7.977177923118389, 22, 9, 31
きれい, 7.913047585698673, 10, 4, 14
シャイ, 7.775544061948739, 1, 0, 1
ハナミズキ, 7.775544061948739, 1, 0, 1
100年, 7.775544061948739, 1, 0, 1
田渕, 7.775544061948739, 1, 0, 1
Labrador, 7.775544061948739, 1, 0, 1
Retriever, 7.775544061948739, 1, 0, 1
ゆうま, 7.775544061948739, 1, 0, 1
シワ, 7.775544061948739, 1, 0, 1
装い, 7.775544061948739, 1, 0, 1
道行く, 7.775544061948739, 1, 0, 1
ゎとってもとっても, 7.775544061948739, 1, 0, 1
ヘミ, 7.775544061948739, 1, 0, 1
外見, 7.775544061948739, 1, 0, 1
咲, 7.775544061948739, 1, 0, 1
旧居, 7.775544061948739, 1, 0, 1
rrisssaa, 7.775544061948739, 1, 0, 1
長居, 7.775544061948739, 1, 0, 1
ぐままさんこんにちは, 7.775544061948739, 1, 0, 1
砂場, 7.775544061948739, 1, 0, 1
見上げる, 7.775544061948739, 1, 0, 1
枝, 7.775544061948739, 1, 0, 1
水路, 7.775544061948739, 1, 0, 1
覆う, 7.775544061948739, 1, 0, 1
見晴らし, 7.775544061948739, 1, 0, 1
ニホンカモシカ, 7.775544061948739, 1, 0, 1
blueingreenweb, 7.775544061948739, 1, 0, 1
ドゥ, 7.775544061948739, 1, 0, 1
ASH, 7.775544061948739, 1, 0, 1
ミュゼ, 7.775544061948739, 1, 0, 1
松籟, 7.775544061948739, 1, 0, 1
跡地, 7.775544061948739, 1, 0, 1
色付く, 7.775544061948739, 1, 0, 1
桜の木, 7.775544061948739, 1, 0, 1
他行, 7.775544061948739, 1, 0, 1
ブルーシート, 7.775544061948739, 1, 0, 1
心眼, 7.775544061948739, 1, 0, 1
はま寿司, 7.775544061948739, 1, 0, 1
Venus, 7.775544061948739, 1, 0, 1
価値, 7.775544061948739, 1, 0, 1
同様, 7.775544061948739, 1, 0, 1
桜の時, 7.775544061948739, 1, 0, 1
スピードアップ, 7.775544061948739, 1, 0, 1
急募, 7.775544061948739, 1, 0, 1
公民館, 7.775544061948739, 1, 0, 1
中村神社, 7.775544061948739, 1, 0, 1
ドライ, 7.775544061948739, 1, 0, 1
レーダ, 7.775544061948739, 1, 0, 1
緑地, 7.775544061948739, 1, 0, 1
ぇど, 7.775544061948739, 1, 0, 1
法島, 7.775544061948739, 1, 0, 1
地区, 7.775544061948739, 1, 0, 1
西部, 7.775544061948739, 1, 0, 1
えっちゃん, 7.775544061948739, 1, 0, 1
リフレッシュー, 7.775544061948739, 1, 0, 1
松月寺, 7.775544061948739, 1, 0, 1
松月, 7.775544061948739, 1, 0, 1
城石川, 7.775544061948739, 1, 0, 1
お裾分け, 7.775544061948739, 1, 0, 1
三分, 7.775544061948739, 1, 0, 1
桜の季節, 7.775544061948739, 1, 0, 1
真ん前, 7.775544061948739, 1, 0, 1
争奪戦, 7.775544061948739, 1, 0, 1
コインパーキング, 7.775544061948739, 1, 0, 1
Cherry, 7.775544061948739, 1, 0, 1
flower, 7.775544061948739, 1, 0, 1
cherrytree, 7.775544061948739, 1, 0, 1
PINK, 7.775544061948739, 1, 0, 1
締まる, 7.775544061948739, 1, 0, 1
アナみ~て, 7.775544061948739, 1, 0, 1
使用済み, 7.775544061948739, 1, 0, 1
冷たい雨, 7.775544061948739, 1, 0, 1
鳩ぽっぽ, 7.775544061948739, 1, 0, 1
かしきる, 7.775544061948739, 1, 0, 1
こうえん, 7.775544061948739, 1, 0, 1
まふゆ, 7.775544061948739, 1, 0, 1
うご, 7.775544061948739, 1, 0, 1
桜・吹雪, 7.775544061948739, 1, 0, 1
桜雪, 7.775544061948739, 1, 0, 1
桜の花, 7.775544061948739, 1, 0, 1
見物客, 7.775544061948739, 1, 0, 1
民家, 7.775544061948739, 1, 0, 1
浜っ子, 7.775544061948739, 1, 0, 1
ガール, 7.775544061948739, 1, 0, 1
百万石通り, 7.775544061948739, 1, 0, 1
空き地, 7.775544061948739, 1, 0, 1
歩み板, 7.775544061948739, 1, 0, 1
かんぽ, 7.775544061948739, 1, 0, 1
ツクシ, 7.775544061948739, 1, 0, 1
隅っこ, 7.775544061948739, 1, 0, 1
ひとりじゃない, 7.775544061948739, 1, 0, 1
desk, 7.775544061948739, 1, 0, 1
ゃんとせっかくのお, 7.775544061948739, 1, 0, 1
処置, 7.775544061948739, 1, 0, 1
むとみいは, 7.775544061948739, 1, 0, 1
4区, 7.775544061948739, 1, 0, 1
待ちぼうけ, 7.775544061948739, 1, 0, 1
桜子, 7.775544061948739, 1, 0, 1
金沢市民芸術村, 7.775544061948739, 1, 0, 1
HDR, 7.775544061948739, 1, 0, 1
さくらや, 7.775544061948739, 1, 0, 1
Albummix, 7.775544061948739, 1, 0, 1
Music, 7.775544061948739, 1, 0, 1
prfmmp, 7.775544061948739, 1, 0, 1
Player, 7.775544061948739, 1, 0, 1
188810, 7.775544061948739, 1, 0, 1
名物, 7.775544061948739, 1, 0, 1
犀川大橋, 7.775544061948739, 1, 0, 1
DUMBO, 7.775544061948739, 1, 0, 1
加藤, 7.775544061948739, 1, 0, 1
におい, 7.775544061948739, 1, 0, 1
金沢市営陸上競技場, 7.775544061948739, 1, 0, 1
ぇけら, 7.775544061948739, 1, 0, 1
伊勢神宮, 7.775544061948739, 1, 0, 1
イマアイ, 7.775544061948739, 1, 0, 1
ぇし, 7.775544061948739, 1, 0, 1
ぃとまこぶと, 7.775544061948739, 1, 0, 1
imasora, 7.512509656114945, 4, 2, 6
河川敷, 7.360506562669895, 2, 1, 3
Japan, 7.360506562669895, 2, 1, 3
進級, 7.360506562669895, 2, 1, 3
五分, 7.360506562669895, 2, 1, 3
眼, 7.360506562669895, 2, 1, 3
イマソラ, 7.097472156836101, 4, 3, 7
咲き, 6.997936483285187, 6, 5, 11
確かめる, 6.775544061948739, 1, 1, 2
dog, 6.775544061948739, 1, 1, 2
START, 6.775544061948739, 1, 1, 2
フロート, 6.775544061948739, 1, 1, 2
チャン, 6.775544061948739, 1, 1, 2
ｪ, 6.775544061948739, 1, 1, 2
゜゜, 6.775544061948739, 1, 1, 2
たら, 6.775544061948739, 1, 1, 2
和む, 6.775544061948739, 1, 1, 2
満開, 6.775544061948739, 18, 18, 36
広坂, 6.775544061948739, 3, 3, 6
門口, 6.775544061948739, 1, 1, 2
見頃, 6.775544061948739, 1, 1, 2
4分, 6.775544061948739, 1, 1, 2
昨年, 6.775544061948739, 1, 1, 2
ソメイヨシノ, 6.775544061948739, 1, 1, 2
SUUEAT, 6.775544061948739, 1, 1, 2
サンプル, 6.775544061948739, 1, 1, 2
トンネル, 6.775544061948739, 1, 1, 2
どころ, 6.775544061948739, 1, 1, 2
エンジェル, 6.775544061948739, 1, 1, 2
浮かれる, 6.775544061948739, 1, 1, 2
春の嵐, 6.775544061948739, 1, 1, 2
伏見, 6.775544061948739, 1, 1, 2
ハンパない, 6.775544061948739, 1, 1, 2
美大, 6.775544061948739, 1, 1, 2
年々, 6.775544061948739, 1, 1, 2
役割, 6.775544061948739, 1, 1, 2
らんま, 6.775544061948739, 1, 1, 2
俳句, 6.775544061948739, 1, 1, 2
入園, 6.775544061948739, 1, 1, 2
犀川, 6.775544061948739, 1, 1, 2
13日, 6.775544061948739, 1, 1, 2
フォレスター, 6.775544061948739, 1, 1, 2
主計町, 6.775544061948739, 1, 1, 2
特別, 6.775544061948739, 1, 1, 2
CHERRYBLOSSOM, 6.775544061948739, 1, 1, 2
spring, 6.775544061948739, 1, 1, 2
おととい, 6.775544061948739, 1, 1, 2
枝垂桜, 6.775544061948739, 1, 1, 2
下田子島, 6.775544061948739, 1, 1, 2
歓迎, 6.775544061948739, 1, 1, 2
εεεεεε, 6.775544061948739, 1, 1, 2
きせる, 6.775544061948739, 1, 1, 2
あめ, 6.775544061948739, 1, 1, 2
MONA, 6.775544061948739, 1, 1, 2
瓢, 6.775544061948739, 1, 1, 2
新居, 6.775544061948739, 1, 1, 2
説得, 6.775544061948739, 1, 1, 2
舞う, 6.775544061948739, 1, 1, 2
めっさ, 6.775544061948739, 1, 1, 2
work, 6.775544061948739, 1, 1, 2
ディスプレイ, 6.775544061948739, 1, 1, 2
次ぐ, 6.775544061948739, 1, 1, 2
三脚, 6.775544061948739, 1, 1, 2
S1, 6.775544061948739, 1, 1, 2
Life, 6.775544061948739, 1, 1, 2
桜並木, 6.775544061948739, 1, 1, 2
本多, 6.775544061948739, 1, 1, 2
焼, 6.775544061948739, 1, 1, 2
炭火, 6.775544061948739, 1, 1, 2
半年ぶり, 6.775544061948739, 1, 1, 2
観光地, 6.775544061948739, 1, 1, 2
パワースポット, 6.775544061948739, 1, 1, 2
みこ, 6.775544061948739, 1, 1, 2
油単, 6.775544061948739, 1, 1, 2
右腕, 6.775544061948739, 1, 1, 2
400年, 6.775544061948738, 2, 2, 4
風景, 6.775544061948738, 2, 2, 4
喜多, 6.775544061948738, 2, 2, 4
きれいな, 6.775544061948738, 2, 2, 4
キレイ, 6.512509656114945, 4, 5, 9
メロンパン, 6.453615967061376, 3, 4, 7
2番, 6.360506562669895, 2, 3, 5
見事, 6.360506562669895, 2, 3, 5
はしゃぐ, 6.1905815612275825, 1, 2, 3
見物, 6.1905815612275825, 1, 2, 3
進路, 6.1905815612275825, 1, 2, 3
日中, 6.1905815612275825, 1, 2, 3
絶景, 6.1905815612275825, 1, 2, 3
お越し, 6.1905815612275825, 1, 2, 3
八分, 6.1905815612275825, 1, 2, 3
母校, 6.1905815612275825, 1, 2, 3
花より団子, 6.1905815612275825, 1, 2, 3
翼, 6.1905815612275825, 1, 2, 3
たまえ, 6.1905815612275825, 1, 2, 3
ソロ, 6.1905815612275825, 1, 2, 3
程度, 6.1905815612275825, 1, 2, 3
oshiro, 6.1905815612275825, 1, 2, 3
くら, 6.1905815612275825, 1, 2, 3
多層, 6.1905815612275825, 1, 2, 3
散策, 6.1905815612275825, 1, 2, 3
幸い, 6.1905815612275825, 1, 2, 3
照る照る坊主, 6.1905815612275825, 1, 2, 3
つぼみ, 6.1905815612275825, 1, 2, 3
可哀想, 6.1905815612275825, 1, 2, 3
変化, 6.1905815612275825, 1, 2, 3
3分の1, 6.1905815612275825, 1, 2, 3
政, 6.1905815612275825, 1, 2, 3
当時, 6.1905815612275825, 1, 2, 3
PC, 6.1905815612275825, 1, 2, 3
浅野川, 6.1905815612275825, 1, 2, 3
梅ノ橋, 6.1905815612275825, 1, 2, 3
車窓, 6.1905815612275825, 1, 2, 3
ホットドリンク, 6.1905815612275825, 1, 2, 3
電池, 6.1905815612275825, 1, 2, 3
面倒, 6.1905815612275825, 1, 2, 3
Spring, 6.1905815612275825, 1, 2, 3
なんでだろう, 6.1905815612275825, 1, 2, 3
美川, 6.1905815612275825, 1, 2, 3
祭り, 6.097472156836101, 4, 7, 11
卯辰山, 6.038578467782532, 2, 4, 6
しあわせ, 6.038578467782532, 2, 4, 6
散る, 5.968189139891135, 3, 6, 9
108円, 5.775544061948739, 1, 3, 4
まみ, 5.775544061948739, 1, 3, 4
ピクニック, 5.775544061948739, 1, 3, 4
お天気, 5.775544061948739, 2, 5, 7
卒業式, 5.775544061948739, 1, 3, 4
山代温泉, 5.775544061948739, 1, 3, 4
20人, 5.775544061948739, 1, 3, 4
ゆり, 5.775544061948739, 1, 3, 4
手取, 5.775544061948739, 1, 3, 4
ちよ, 5.775544061948739, 1, 3, 4
山中, 5.775544061948739, 1, 3, 4
片手, 5.775544061948739, 1, 3, 4
営業, 5.775544061948739, 1, 3, 4
広がる, 5.775544061948739, 1, 3, 4
着物, 5.775544061948739, 1, 3, 4
眺める, 5.775544061948739, 1, 3, 4
SAKURA, 5.775544061948739, 1, 3, 4
モード, 5.775544061948739, 1, 3, 4
コネ, 5.775544061948739, 1, 3, 4
綺麗, 5.613272633049862, 20, 46, 66
山, 5.6056190605064256, 3, 8, 11
つき, 5.55315164061229, 2, 6, 8
木, 5.55315164061229, 2, 6, 8
sky, 5.512509656114944, 4, 11, 15
U, 5.453615967061377, 1, 4, 5
開花, 5.453615967061377, 1, 4, 5
16, 5.453615967061377, 1, 4, 5
子供達, 5.453615967061377, 1, 4, 5
ウォーキング, 5.453615967061377, 1, 4, 5
神社, 5.453615967061377, 1, 4, 5
コラボ, 5.453615967061377, 1, 4, 5
迎賓館, 5.453615967061377, 1, 4, 5
いじめ, 5.453615967061377, 1, 4, 5
前回, 5.453615967061377, 1, 4, 5
勢い, 5.453615967061377, 1, 4, 5
めぐる, 5.453615967061377, 1, 4, 5
勿体, 5.453615967061377, 1, 4, 5
森, 5.453615967061376, 3, 9, 12
近所, 5.453615967061376, 3, 9, 12
たて, 5.360506562669895, 2, 7, 9
きまる, 5.360506562669895, 2, 7, 9
松, 5.1905815612275825, 1, 5, 6
新た, 5.1905815612275825, 1, 5, 6
沖縄, 5.1905815612275825, 1, 5, 6
ルンルン, 5.1905815612275825, 1, 5, 6
えり, 5.1905815612275825, 1, 5, 6
確実, 5.1905815612275825, 1, 5, 6
焼き, 5.1905815612275825, 2, 8, 10
皆様, 5.1905815612275825, 1, 5, 6
5分, 5.1905815612275825, 1, 5, 6
教育, 5.1905815612275825, 1, 5, 6
スタイル, 5.1905815612275825, 1, 5, 6
さい, 5.1905815612275825, 3, 11, 14
折れる, 5.1905815612275825, 1, 5, 6
模様, 5.1905815612275825, 1, 5, 6
毎年, 5.1905815612275825, 2, 8, 10
日和, 5.1905815612275825, 1, 5, 6
茶屋, 5.1905815612275825, 2, 8, 10
遠く, 5.1905815612275825, 1, 5, 6
公開, 5.1905815612275825, 1, 5, 6
たすける, 5.1905815612275825, 1, 5, 6
ジャージ, 5.1905815612275825, 1, 5, 6
しいる, 5.1905815612275825, 1, 5, 6
のく, 5.1905815612275825, 1, 5, 6
陽気, 5.1905815612275825, 1, 5, 6
浅野川大橋, 5.1905815612275825, 1, 5, 6
大量, 5.1905815612275825, 1, 5, 6
兼, 5.1905815612275825, 2, 8, 10
ボーリング, 5.1905815612275825, 1, 5, 6
開放, 5.038578467782533, 2, 9, 11
空, 5.010009315585761, 4, 16, 20
好きな人, 4.968189139891135, 1, 6, 7
百, 4.968189139891135, 1, 6, 7
期, 4.968189139891135, 1, 6, 7
門, 4.968189139891135, 1, 6, 7
21世紀美術館, 4.968189139891135, 1, 6, 7
10時, 4.968189139891135, 1, 6, 7
桜の, 4.968189139891135, 1, 6, 7
子ども, 4.968189139891135, 1, 6, 7
4月7日, 4.968189139891135, 1, 6, 7
行動, 4.968189139891135, 1, 6, 7
満喫, 4.968189139891135, 1, 6, 7
足湯, 4.968189139891135, 1, 6, 7
落胆の表情, 4.968189139891135, 1, 6, 7
x, 4.901074944032597, 2, 10, 12
橋, 4.901074944032597, 2, 10, 12
初, 4.901074944032597, 2, 10, 12
今朝, 4.849544643392515, 4, 18, 22
お花見, 4.836944606612882, 11, 45, 56
帰り道, 4.775544061948739, 1, 7, 8
犬, 4.775544061948739, 1, 7, 8
運動, 4.775544061948739, 1, 7, 8
女性, 4.775544061948739, 1, 7, 8
頃, 4.775544061948739, 5, 23, 28
きん, 4.775544061948739, 1, 7, 8
にも, 4.775544061948739, 1, 7, 8
20140404, 4.775544061948739, 1, 7, 8
内, 4.775544061948739, 1, 7, 8
good, 4.775544061948739, 1, 7, 8
FoLLoW, 4.775544061948739, 1, 7, 8
要約, 4.775544061948739, 1, 7, 8
組み合わせ, 4.775544061948739, 1, 7, 8
記念, 4.775544061948739, 1, 7, 8
用意, 4.775544061948739, 1, 7, 8
おっちゃん, 4.775544061948739, 1, 7, 8
perfumeum, 4.775544061948739, 1, 7, 8
お酒, 4.605619060506426, 1, 8, 9
バル, 4.605619060506426, 1, 8, 9
ばあちゃん, 4.605619060506426, 1, 8, 9
みな, 4.605619060506426, 1, 8, 9
お待ち, 4.605619060506426, 1, 8, 9
1404, 4.605619060506426, 1, 8, 9
ossn, 4.605619060506426, 1, 8, 9
4月5日, 4.605619060506426, 1, 8, 9
偶然, 4.605619060506426, 1, 8, 9
HAPPY, 4.605619060506426, 1, 8, 9
花粉, 4.605619060506426, 1, 8, 9
池, 4.605619060506426, 1, 8, 9
しま, 4.605619060506426, 1, 8, 9
立派, 4.605619060506426, 1, 8, 9
世界, 4.553151640612291, 2, 13, 15
駐車場, 4.553151640612291, 2, 13, 15
トイレ, 4.553151640612291, 2, 13, 15
おかげ, 4.553151640612291, 2, 13, 15
花見, 4.495436142756003, 13, 67, 80
一年生, 4.453615967061377, 1, 9, 10
黒, 4.453615967061377, 1, 9, 10
多分, 4.453615967061377, 1, 9, 10
出会う, 4.453615967061377, 1, 9, 10
新作, 4.453615967061377, 1, 9, 10
ケーキ, 4.453615967061377, 1, 9, 10
スタッフ, 4.453615967061377, 1, 9, 10
オープン, 4.453615967061377, 1, 9, 10
行きたくない, 4.453615967061377, 1, 9, 10
今夜, 4.453615967061377, 1, 9, 10
土曜, 4.453615967061377, 1, 9, 10
無料, 4.453615967061376, 3, 19, 22
周辺, 4.453615967061376, 2, 14, 16
式, 4.360506562669895, 2, 15, 17
行幸, 4.360506562669895, 2, 15, 17
赤, 4.316112443311441, 1, 10, 11
春, 4.316112443311441, 7, 43, 50
散歩, 4.316112443311441, 3, 21, 24
四, 4.316112443311441, 1, 10, 11
ル, 4.316112443311441, 1, 10, 11
季節, 4.316112443311441, 1, 10, 11
腕, 4.316112443311441, 1, 10, 11
tomoshibi, 4.316112443311441, 1, 10, 11
ます, 4.316112443311441, 1, 10, 11
夕方, 4.316112443311441, 1, 10, 11
オバアちゃん, 4.316112443311441, 1, 10, 11
一言, 4.316112443311441, 1, 10, 11
5月, 4.316112443311441, 1, 10, 11
花, 4.273043721419556, 2, 16, 18
小学校, 4.1905815612275825, 1, 11, 12
始める, 4.1905815612275825, 4, 29, 33
撮影, 4.1905815612275825, 1, 11, 12
歳, 4.1905815612275825, 1, 11, 12
保育園, 4.1905815612275825, 1, 11, 12
充実, 4.1905815612275825, 1, 11, 12
あい, 4.1905815612275825, 1, 11, 12
しかる, 4.1905815612275825, 1, 11, 12
2000, 4.1905815612275825, 1, 11, 12
ジュース, 4.1905815612275825, 1, 11, 12
発見, 4.1905815612275825, 1, 11, 12
切れる, 4.1905815612275825, 1, 11, 12
かわる, 4.1905815612275825, 1, 11, 12
園, 4.1905815612275825, 1, 11, 12
アイス, 4.131687872174014, 3, 24, 27
昼, 4.1125790492263095, 2, 18, 20
夜桜, 4.075104343807647, 5, 38, 43
星稜, 4.075104343807647, 1, 12, 13
はるか, 4.075104343807647, 1, 12, 13
週末, 4.075104343807647, 1, 12, 13
開く, 4.075104343807647, 1, 12, 13
休日, 4.075104343807647, 1, 12, 13
帰れる, 4.075104343807647, 1, 12, 13
4月, 4.038578467782533, 2, 19, 21
団子, 3.968189139891135, 1, 13, 14
台, 3.968189139891135, 1, 13, 14
お父さん, 3.968189139891135, 1, 13, 14
発売, 3.968189139891135, 1, 13, 14
酒, 3.968189139891135, 1, 13, 14
降りる, 3.968189139891135, 1, 13, 14
早起き, 3.968189139891135, 1, 13, 14
of, 3.968189139891135, 1, 13, 14
六, 3.968189139891135, 1, 13, 14
まてる, 3.968189139891135, 1, 13, 14
兼六園, 3.9681891398911344, 20, 146, 166
福井, 3.9681891398911344, 2, 20, 22
買い物, 3.9175630668211663, 3, 28, 31
ピンク, 3.9010749440325974, 2, 21, 23
UU, 3.9010749440325974, 2, 21, 23
街, 3.9010749440325974, 2, 21, 23
金沢城, 3.888018791207151, 4, 36, 40
しょう, 3.8686534663402203, 1, 14, 15
坂, 3.8686534663402203, 1, 14, 15
ｰｰ, 3.8686534663402203, 1, 14, 15
げ, 3.8686534663402203, 1, 14, 15
片町, 3.8686534663402203, 1, 14, 15
Me, 3.8686534663402203, 1, 14, 15
パン, 3.8686534663402203, 1, 14, 15
月, 3.8686534663402203, 1, 14, 15
お気に入り, 3.8686534663402203, 1, 14, 15
出勤, 3.836944606612882, 2, 22, 24
職場, 3.775544061948739, 1, 15, 16
ぶん, 3.775544061948739, 1, 15, 16
かほく市, 3.775544061948739, 1, 15, 16
なか, 3.775544061948739, 1, 15, 16
歌, 3.775544061948739, 1, 15, 16
すき, 3.7755440619487386, 2, 23, 25
公園, 3.750008969841601, 6, 56, 62
しぃ, 3.6880812206983995, 1, 16, 17
どれ, 3.6880812206983995, 1, 16, 17
H, 3.6880812206983995, 1, 16, 17
地元, 3.6056190605064264, 1, 17, 18
あんま, 3.6056190605064264, 1, 17, 18
二人, 3.6056190605064264, 1, 17, 18
見れる, 3.605619060506426, 2, 26, 28
風, 3.605619060506426, 2, 26, 28
晴れる, 3.566090696319789, 3, 36, 39
頂く, 3.5276165485051534, 1, 18, 19
後ろ, 3.5276165485051534, 1, 18, 19
タイミング, 3.5276165485051534, 1, 18, 19
迎える, 3.5276165485051534, 1, 18, 19
続く, 3.4536159670613764, 1, 19, 20
だす, 3.4536159670613764, 1, 19, 20
きれる, 3.4536159670613764, 1, 19, 20
子供, 3.4536159670613764, 1, 19, 20
oo, 3.4063102522830193, 2, 30, 32
決める, 3.383226639169979, 1, 20, 21
３, 3.383226639169979, 1, 20, 21
タッチ, 3.3161124433114417, 2, 32, 34
艸, 3.3161124433114417, 1, 21, 22
ゆく, 3.3161124433114417, 1, 21, 22
周り, 3.3161124433114417, 1, 21, 22
投稿, 3.3161124433114417, 1, 21, 22
Perfume, 3.3161124433114417, 2, 32, 34
雪, 3.2730437214195556, 2, 33, 35
子, 3.2645821426713595, 4, 56, 60
やむ, 3.251982105891726, 1, 22, 23
夜勤, 3.251982105891726, 1, 22, 23
⁾⁾, 3.251982105891726, 1, 22, 23
prfm, 3.251982105891726, 1, 22, 23
本日, 3.2312235457249288, 2, 34, 36
日本, 3.2209552102711014, 3, 46, 49
年, 3.151053197040945, 2, 36, 38
駅, 3.1316878721740142, 1, 24, 25
LT, 3.1316878721740142, 1, 24, 25
時期, 3.1316878721740142, 1, 24, 25
合う, 3.1316878721740142, 1, 24, 25
奴, 3.1316878721740142, 1, 24, 25
気分, 3.1316878721740142, 1, 24, 25
1時間, 3.1316878721740142, 1, 24, 25
かける, 3.1125790492263095, 2, 37, 39
増える, 3.075104343807647, 1, 25, 26
どっち, 3.075104343807647, 1, 25, 26
一手, 3.0751043438076464, 4, 64, 68
はず, 3.0751043438076464, 2, 38, 40
撮る, 3.0476236073855394, 3, 52, 55
予定, 3.0385784677825325, 2, 39, 41
近く, 3.0385784677825325, 2, 39, 41
大学, 3.0206565597852704, 1, 26, 27
映画, 3.0206565597852704, 1, 26, 27
聴く, 3.0206565597852704, 1, 26, 27
ここ, 3.0100093155857617, 4, 67, 71
いきる, 3.002954558051811, 2, 40, 42
よね, 2.968189139891135, 1, 27, 28
ぶり, 2.968189139891135, 1, 27, 28
夜, 2.9426540477839973, 3, 56, 59
降る, 2.9342418079677968, 2, 42, 44
終了, 2.9175630668211667, 1, 28, 29
来週, 2.9010749440325974, 2, 43, 45
お母さん, 2.8686534663402203, 1, 29, 30
下, 2.8686534663402203, 1, 29, 30
変, 2.8686534663402203, 1, 29, 30
みなさん, 2.8686534663402203, 1, 29, 30
下降カープ, 2.8686534663402203, 1, 29, 30
A, 2.8686534663402203, 1, 29, 30
見える, 2.86865346634022, 2, 44, 46
家, 2.8549785294431436, 6, 105, 111
入学, 2.8213477515618637, 1, 30, 31
緊張, 2.8213477515618637, 1, 30, 31
月曜日, 2.8213477515618637, 1, 30, 31
出し手, 2.8213477515618637, 1, 30, 31
感じ, 2.8213477515618632, 5, 92, 97
10, 2.8059177109922575, 2, 46, 48
始まる, 2.775544061948739, 1, 31, 32
ｰ, 2.775544061948739, 1, 31, 32
感じる, 2.775544061948739, 1, 31, 32
あした, 2.731149942590285, 1, 32, 33
センター, 2.731149942590285, 1, 32, 33
残念, 2.731149942590285, 1, 32, 33
腹, 2.731149942590285, 1, 32, 33
僕, 2.7166503728951703, 2, 49, 51
今年, 2.6880812206983995, 3, 67, 70
泣き顔, 2.6880812206983995, 1, 33, 34
行き, 2.6880812206983995, 1, 33, 34
2人, 2.6462610450037727, 1, 34, 35
ヶ月, 2.6462610450037727, 1, 34, 35
前, 2.6462610450037722, 7, 139, 146
クラス, 2.625796942444057, 3, 70, 73
太陽, 2.6056190605064264, 1, 35, 36
かな, 2.6056190605064264, 1, 35, 36
結局, 2.6056190605064264, 1, 35, 36
頭, 2.579146849145235, 2, 54, 56
不安, 2.5660906963197894, 1, 36, 37
Garden, 2.5660906963197894, 1, 36, 37
東京, 2.5660906963197894, 1, 36, 37
天気, 2.5531516406122905, 5, 111, 116
ぉ, 2.5276165485051534, 1, 37, 38
様, 2.5276165485051534, 1, 37, 38
心, 2.5276165485051534, 1, 37, 38
たん, 2.527616548505153, 2, 56, 58
使う, 2.527616548505153, 2, 56, 58
写真, 2.5125096561149447, 4, 95, 99
いいね, 2.4536159670613764, 1, 39, 40
名前, 2.4179920573306553, 1, 40, 41
言葉, 2.4179920573306553, 1, 40, 41
上, 2.4179920573306553, 1, 40, 41
行く, 2.414796718170848, 21, 451, 472
たくさん, 2.383226639169979, 1, 41, 42
大変, 2.383226639169979, 1, 41, 42
こっち, 2.3492793072466407, 1, 42, 43
1年, 2.3492793072466407, 1, 42, 43
行ける, 2.3161124433114417, 1, 43, 44
ひま, 2.2944173722121226, 2, 66, 68
戻る, 2.251982105891726, 1, 45, 46
幸せ, 2.2312235457249288, 2, 69, 71
よろしくお願いします, 2.220955210271102, 1, 46, 47
ライブ, 2.190581561227583, 1, 47, 48
1日, 2.1608342178335307, 1, 48, 49
行う, 2.151053197040945, 2, 73, 75
練習, 2.1316878721740142, 1, 49, 50
春休み, 2.1316878721740142, 1, 49, 50
楽しみ, 2.131687872174014, 4, 124, 128
Kenrokuen, 2.075104343807647, 1, 51, 52
2, 2.061298544282616, 3, 104, 107
特別名勝, 2.04762360738554, 1, 52, 53
本多の森ホール, 2.04762360738554, 1, 52, 53
入る, 2.0476236073855394, 3, 105, 108
目, 2.0476236073855394, 3, 105, 108
つける, 2.0385784677825325, 2, 79, 81
君, 2.0206565597852704, 1, 53, 54
全部, 1.9941843484240793, 1, 54, 55
O, 1.9941843484240793, 1, 54, 55
普通, 1.9681891398911346, 1, 55, 56
ご飯, 1.9681891398911346, 1, 55, 56
よう, 1.8686534663402201, 4, 149, 153
遊ぶ, 1.8686534663402201, 1, 59, 60
わからん, 1.8686534663402201, 1, 59, 60
ろ, 1.8686534663402201, 1, 59, 60
中, 1.7936914086589981, 4, 157, 161
朝, 1.7605937204827669, 2, 96, 98
ーーー, 1.7531762489202842, 1, 64, 65
お願い, 1.7531762489202842, 1, 64, 65
無理, 1.7531762489202842, 1, 64, 65
発表, 1.7531762489202842, 1, 64, 65
ちる, 1.7531762489202842, 1, 64, 65
TT, 1.7457967185546865, 2, 97, 99
金沢, 1.7267847500288833, 19, 661, 680
増税, 1.7094548714909663, 1, 66, 67
聞く, 1.6880812206983993, 2, 101, 103
がん, 1.6880812206983993, 1, 67, 68
後, 1.6880812206983993, 1, 67, 68
待つ, 1.6880812206983993, 1, 67, 68
ﾟ, 1.6640357467317484, 6, 241, 247
どこ, 1.660066844528803, 2, 103, 105
誰か, 1.6462610450037722, 2, 104, 106
笑う, 1.6257969424440566, 1, 70, 71
わたし, 1.6257969424440566, 1, 70, 71
すぎ, 1.5857195030687214, 1, 72, 73
泣く, 1.5857195030687214, 1, 72, 73
ちょ, 1.5660906963197891, 1, 73, 74
最後, 1.5660906963197891, 1, 73, 74
久々, 1.5660906963197891, 1, 73, 74
会う, 1.5531516406122905, 2, 111, 113
交差点, 1.5276165485051532, 1, 75, 76
車, 1.5276165485051532, 1, 75, 76
д, 1.527616548505153, 2, 113, 115
o, 1.5213027745729508, 11, 457, 468
元気, 1.5087575212538373, 1, 76, 77
昨日, 1.508757521253837, 3, 153, 156
め, 1.499419656674501, 3, 154, 157
笑顔, 1.4901418430864906, 2, 116, 118
入学式, 1.4901418430864903, 1, 77, 78
飲む, 1.4536159670613762, 1, 79, 80
見る, 1.414087602874739, 8, 369, 377
まじ, 1.400504630601814, 1, 82, 83
ら, 1.3947222780078077, 2, 124, 126
友達, 1.3832266391699783, 1, 83, 84
作る, 1.3832266391699783, 1, 83, 84
ハート, 1.3775129879755845, 5, 252, 257
そう, 1.3436982749833408, 5, 258, 263
ゆう, 1.3161124433114415, 1, 87, 88
大好き, 1.3161124433114415, 1, 87, 88
とこ, 1.3161124433114415, 1, 87, 88
おる, 1.296572256915796, 4, 222, 226
いつ, 1.283690965619064, 1, 89, 90
kanazawa, 1.2441626014324265, 3, 184, 187
さ, 1.2415654899463875, 2, 138, 140
いく, 1.2260802424489687, 5, 280, 285
事, 1.1608342178335305, 1, 97, 98
最高, 1.103118719977243, 5, 305, 310
てる, 1.0663035624538053, 21, 1150, 1171
嘘, 1.0476236073855396, 1, 105, 106
いま, 1.0073597371718124, 1, 108, 109
ゆ, 1.0073597371718124, 1, 108, 109
人, 1.002954558051811, 5, 327, 332
みる, 0.988947700057932, 4, 275, 279
くん, 0.9854671313229699, 2, 165, 167
気, 0.9768022701958426, 2, 166, 168
私, 0.9596271263877105, 2, 168, 170
ちゃう, 0.955365099533551, 1, 112, 113
雨, 0.9511156265321931, 2, 169, 171
せる, 0.9426540477839971, 1, 113, 114
く, 0.9325652301604133, 4, 286, 290
ぢ, 0.9300540110043635, 1, 114, 115
others, 0.8929010125868974, 2, 176, 178
いる, 0.8888313482778505, 11, 709, 720
あと, 0.8686534663402202, 1, 119, 120
やる, 0.8566808246741441, 9, 604, 613
ある, 0.8519194505804191, 9, 606, 615
くる, 0.8467789667174574, 11, 730, 741
できる, 0.813612102782258, 2, 186, 188
くれる, 0.7982641384488222, 4, 314, 318
うち, 0.7868593751765728, 1, 126, 127
きた, 0.7755440619487388, 1, 127, 128
出る, 0.7421210604112884, 1, 130, 131
なる, 0.7294694589513672, 12, 858, 870
今日, 0.7094548714909662, 11, 803, 814
時間, 0.6987284648979077, 1, 134, 135
みんな, 0.6810264631644489, 2, 204, 206
しまう, 0.5563755414865772, 1, 148, 149
いう, 0.5467253714528578, 2, 224, 226
わかる, 0.41799205733065503, 1, 163, 164
石川県金沢市, 0.38322663916997846, 1, 167, 168
来る, 0.3832266391699783, 2, 251, 253
最低, 0.29981063098234106, 1, 177, 178
自分, 0.26774942175004246, 1, 181, 182
ちゃん, 0.2677494217500423, 2, 272, 274
ー, 0.24329637802550327, 17, 1665, 1682
すぎる, 0.2363852508407072, 3, 371, 374
今, 0.23122354572492823, 2, 279, 281
思う, 0.19058156122758255, 3, 383, 386
これ, 0.15593541842069134, 2, 294, 296
何, 0.131687872174014, 1, 199, 200
する, 0.1140400063545893, 25, 2631, 2656
俺, 0.11257904922630908, 2, 303, 305
仕事, 0.07510434380764666, 1, 207, 208
それ, 0.03407707554759183, 2, 320, 322
みたい, 0.013992829504259556, 1, 216, 217
終わる, -0.0058156515759207605, 1, 219, 220
w, -0.011052299942068043, 4, 551, 555
の, -0.01670396771865717, 5, 664, 669
明日, -0.018871804401367417, 3, 443, 446
そ, -0.02535583797156603, 1, 222, 223
寝る, -0.06994598899563648, 1, 229, 230
ん, -0.10342644820234313, 9, 1176, 1185
爆笑, -0.10709898741310263, 2, 353, 355
なん, -0.13134653365977977, 1, 239, 240
Д, -0.23008048724513933, 1, 256, 257
笑笑, -0.23008048724513933, 1, 256, 257
とる, -0.3039407218780767, 3, 540, 543
頑張る, -0.35373895499622765, 1, 279, 280
さん, -0.39771665205683004, 2, 432, 434
ω, -0.49436182059034167, 2, 462, 464
言う, -0.5776027635493437, 1, 326, 327
笑, -0.6191567994043217, 17, 3028, 3045
れる, -0.9837893452459218, 2, 649, 651
店, -1.1640351523659542, 1, 490, 491
金沢市, -1.1844578701193422, 1, 497, 498
石川県, -1.2779293513205772, 2, 796, 798
AT, -1.7302674919708556, 1, 726, 727
Im, -2.020495546881031, 1, 888, 889
